 name wave redshift col_dens delta_v vel_dispersion interval_start interval_end density temperature metallicity lightray_index
0 "C IV" 1548.187 2 13.857760968676418 -131.16401453679106 59.15911866214094 42 95 1.5546851511160668e-25 10304.65188775645 0.1385398376684676 0
1 "C IV" 1548.187 2 13.045181527720858 -96.96970054663849 13.675413319387495 113 118 6.557103190975546e-27 458144.1100708263 0.33112701979675024 0
2 "C IV" 1548.187 2 13.019615001195817 -82.96302859440387 4.388471020810127 118 120 3.163283702389755e-26 52166.18052236911 0.24183788553603028 0
3 "C IV" 1548.187 2 13.014164261627883 -73.61265610134419 5.356097668337224 121 123 2.653027039434265e-26 88839.55096464964 0.26543123414365055 0
4 "C IV" 1548.187 2 13.980784735990309 -69.05905224965173 4.567322275185803 124 127 2.7985420456567414e-26 72039.73542000669 0.24946928746772956 0
5 "C IV" 1548.187 2 14.444018009462795 -15.289848865125443 88.75150658125497 134 142 1.6780906510305567e-25 13485.813780526994 0.2808831569660533 0
6 "C IV" 1548.187 2 15.124581143149635 -91.8929723197048 74.4743385470698 211 598 1.8019924246690584e-26 14323.345605206596 0.17382962846972988 0
7 "C IV" 1548.187 2 13.45483945724081 -80.56221965601785 14.792426033754905 615 657 2.865633675209609e-27 41449.570423553945 0.02265176447295931 0
8 "C IV" 1548.187 2 13.562670221996878 -105.83837285895314 41.406797278366525 727 774 1.5319446101722175e-26 18457.198797533812 0.016698611225037636 0
9 "C IV" 1548.187 2 13.291108478232902 -162.50233310653144 8.668214639575753 896 916 2.0304267433048355e-27 75041.31080702113 0.044505347926057245 0
10 "C IV" 1548.187 2 14.994675257598528 -111.21458177694156 105.0445963686452 964 1238 3.6569544163655614e-26 15588.435587675363 0.11534590121392074 0
11 "C IV" 1548.187 2 14.100763172690492 132.09939214677286 48.91639774306056 1242 1282 2.2365712552774935e-26 26596.386049764318 0.09595135449283375 0
12 "C IV" 1548.187 2 14.01871782838695 183.13275055436446 23.83143921949039 1295 1338 7.24400430507967e-26 11240.69548733119 0.08551951610780219 0
13 "C IV" 1548.187 2 13.844702011519992 223.57244342057405 7.92067128632344 1350 1382 1.509785645848193e-26 23618.991019382287 0.04606007593794266 0
14 "C IV" 1548.187 2 13.7847211451308 230.28959050996852 15.761629979067806 1408 1442 4.573129617951669e-26 17351.324398337496 0.03390840544209793 0
15 "C IV" 1548.187 2 13.282632326000599 31.60639392939029 5.629469861357708 162 174 4.848944850176929e-27 57876.93006642 0.027832169443381634 1
16 "C IV" 1548.187 2 13.362637435223112 14.16811740799061 4.471186734109151 178 208 3.591929353903497e-27 41403.69857422478 0.029749583947858566 1
17 "C IV" 1548.187 2 13.555167862377896 -14.338505615229822 13.842059006699468 208 253 1.8059018646808273e-26 14765.359306146152 0.020904636030443086 1
18 "C IV" 1548.187 2 13.131104644723626 -47.996957722243245 9.508224177676155 344 358 1.1009041866344047e-26 28131.859790141683 0.021848919726123663 1
19 "C IV" 1548.187 2 13.469740299011896 -70.1918049058965 8.03716258691279 390 425 8.864327690470098e-27 18867.476230621454 0.01586351012003381 1
20 "C IV" 1548.187 2 15.116915911679094 -117.0577713726268 50.579810760522996 442 873 2.5794549477167313e-26 13712.02478035003 0.09069677428678903 1
21 "C IV" 1548.187 2 13.29944879140573 79.6654112544647 93.1974973780647 881 892 1.7765355365495088e-25 9239.032340053034 0.12135720273771304 1
22 "C IV" 1548.187 2 14.367205671142566 169.63739573221 78.8505294522368 892 922 5.739503043285092e-25 3988.3091259754474 0.8481535945453138 1
23 "C IV" 1548.187 2 13.857623977192441 225.0127843183635 17.512666198816678 934 937 1.8374956563584403e-25 5940.237673517229 1.0095713054770827 1
24 "C IV" 1548.187 2 13.70876302589102 318.8109300762441 7.381924737505076 973 986 2.7311442480391977e-25 8740.601499749237 0.2082329302551378 1
25 "C IV" 1548.187 2 13.772079632049502 219.7667948940101 31.389598475334225 986 999 4.194521045546005e-27 180460.56576940202 0.448279230415055 1
26 "C IV" 1548.187 2 13.709832637110383 177.25054055044671 15.801506776286459 1000 1011 2.516518553998428e-27 58918.96058189509 0.19745545196980366 1
27 "C IV" 1548.187 2 14.720516093517208 119.69121814000394 16.04436722685905 1102 1138 6.1161572928474134e-27 14650.539012753821 0.307768377445903 1
28 "C IV" 1548.187 2 14.007350799941579 70.87340848700714 13.95203976322902 1148 1162 1.93470234603505e-27 51602.11079427322 0.4248188804269279 1
29 "C IV" 1548.187 2 13.6950037647526 -45.24254756969298 10.526173554868484 1197 1207 1.429425510228553e-27 117319.01538205487 0.3518376519365673 1
30 "C IV" 1548.187 2 13.871763784749072 43.370266188664374 7.544823461081908 1242 1252 2.1723249575266557e-27 76577.1959671034 0.4451760374076283 1
31 "C IV" 1548.187 2 13.613179282635725 191.62179645201135 13.846686334570958 1467 1475 1.219492885661818e-26 32617.70624284827 0.09926804105296098 1
32 "C IV" 1548.187 2 14.06296994157345 246.9378741393638 22.690338268566265 1550 1564 4.860950002152359e-27 51434.99079691277 0.28628295521282165 1
33 "C IV" 1548.187 2 14.11397893504539 -218.51159540466776 12.604940868805754 265 297 3.812197625688881e-26 11645.389087677873 0.0753260314921239 2
34 "C IV" 1548.187 2 14.740539179183052 -276.28597173527504 15.111251339844989 301 414 6.030688739346463e-26 10703.932072163809 0.111112427849761 2
35 "C IV" 1548.187 2 13.606589554832649 -270.4118530628928 21.16301917129998 436 453 6.577548820717838e-27 42355.15007923627 0.07677518628519871 2
36 "C IV" 1548.187 2 13.967058162992187 -78.87232622919151 12.780087701131029 460 479 1.2807556626061274e-26 26895.713671929447 0.10782386900691115 2
37 "C IV" 1548.187 2 13.294988347575911 -109.89139658093576 11.33889648649247 484 491 4.5070508560547946e-27 79071.146974549 0.15028583895786343 2
38 "C IV" 1548.187 2 13.983273065457253 -138.3093835446344 31.537359461692965 542 558 1.0812942797184116e-25 10253.603358446595 0.2175069336195511 2
39 "C IV" 1548.187 2 14.147427311670178 -328.926526871994 9.130572456838093 617 630 4.3062427436186456e-27 29509.196396794196 0.27072016124073256 2
40 "C IV" 1548.187 2 13.691845340018098 37.60006055416141 7.847841111676069 774 803 1.852017012643684e-26 17350.12189811613 0.023892802475224274 2
41 "C IV" 1548.187 2 13.30825091152031 40.22980380751979 6.633788703576426 4 15 3.560350777989589e-28 49540.59241115984 0.02525968228735825 3
42 "C IV" 1548.187 2 14.113956772066707 218.07073261322125 6.901185956759136 202 222 6.153201871955344e-28 67826.21207943239 0.45671339408314804 3
43 "C IV" 1548.187 2 13.049895598344373 284.57861378745093 10.344856748237337 255 260 2.5680481916786144e-28 78270.58595029905 0.47929232183660786 3
44 "C IV" 1548.187 2 13.380347668032822 265.48759148928275 5.282285152155667 260 265 4.496705948753548e-28 81947.35252376675 0.45434995351722973 3
45 "C IV" 1548.187 2 14.20689329702717 185.45758829710192 22.666977032109777 268 322 6.807511710451251e-28 12214.42232446856 0.18823488991809872 3
46 "C IV" 1548.187 2 14.04301249580107 138.52854797817213 30.208871157217263 339 368 1.9990567166754293e-26 20738.218574063096 0.13813569321149688 3
47 "C IV" 1548.187 2 14.772097273144938 117.13156084590268 60.98716359517324 379 605 9.292599951210686e-26 11353.912647934878 0.07090005312415096 3
48 "C IV" 1548.187 2 13.136609757748268 236.13404681222667 8.775030140576625 636 663 9.78107531090887e-28 178997.625764605 0.1359313002220393 3
49 "C IV" 1548.187 2 13.748588774022691 262.227159611895 7.468286829349687 685 703 1.0998222989185352e-26 22888.95438679835 0.09208626821434551 3
50 "C IV" 1548.187 2 13.092095242554613 392.5640773616177 8.730601260309975 722 737 9.757938577886252e-27 24955.130179888227 0.01500023815173474 3
51 "C IV" 1548.187 2 13.020118521524921 361.2915165306596 21.31360441807825 737 757 9.047651127426189e-27 29854.707135760484 0.016727362120453945 3
52 "C IV" 1548.187 2 13.532961099295404 190.00185276026752 13.537723046239627 804 848 5.66537392978551e-28 114053.55101931198 0.2059148727181829 3
