 name wave redshift col_dens delta_v vel_dispersion interval_start interval_end density temperature metallicity lightray_index
0 "C II" 903.962 2 16.18637371739292 -77.56525763877177 32.141674866448504 48 95 1.5565310022442269e-25 10132.969582091808 0.13865534031019405 0
1 "C II" 903.962 2 14.019197115085666 -82.95137682504898  118 119 3.2992966096413396e-26 16765.383096186466 0.23381779762459276 0
2 "C II" 903.962 2 13.880135791487875 -70.55724976203268  122 123 3.5865350565931976e-26 16780.87717665171 0.2412587080589555 0
3 "C II" 903.962 2 14.078386279464297 -72.41065366450813 3.5095026017757687 125 127 3.195433578742609e-26 47247.26432228391 0.24132710956232056 0
4 "C II" 903.962 2 15.921414019198513 -125.99908409705675 37.649438835564354 134 142 1.6780906510305567e-25 13485.813780526994 0.2808831569660533 0
5 "C II" 903.962 2 15.339594373310803 -81.98528040979028 21.13400543306911 298 348 3.0578165353686637e-26 12255.584200067924 0.25749852428270803 0
6 "C II" 903.962 2 13.776753300814311 -186.08974879777256 13.851551871344205 444 502 5.152356440492022e-27 16606.94562449673 0.12589279149528834 0
7 "C II" 903.962 2 13.677959479104217 -129.75692750112555 6.817563615338135 737 773 1.5902220079337722e-26 17073.69427024959 0.016083866842396204 0
8 "C II" 903.962 2 14.954213211829456 -181.76872749242372 42.52071683796381 1054 1119 4.290831030960103e-26 12539.352026765175 0.0825368366074895 0
9 "C II" 903.962 2 15.263643586231254 -50.37702537409816 47.71400123446016 1202 1235 4.7282769416296796e-26 12421.300213500193 0.18520161991931747 0
10 "C II" 903.962 2 14.512968890197541 150.1825363357499 35.56373090747809 1246 1275 2.3117982504381976e-26 19645.691142176485 0.09430164661124983 0
11 "C II" 903.962 2 13.402481767589604 173.77398104899356 4.840468684327291 1298 1302 1.3636207109523864e-26 29498.88503134262 0.09234823446967616 0
12 "C II" 903.962 2 15.42395478366184 197.5779436563422 9.548174684332931 1303 1336 7.443232878463849e-26 10199.300474023228 0.0851504097251908 0
13 "C II" 903.962 2 13.712196048658278 224.364294898844 3.934653510224193 1353 1379 1.575545137281642e-26 15806.185778074372 0.04139154896809694 0
14 "C II" 903.962 2 15.712845412338124 248.95400367004996 11.321834376544565 1388 1442 3.9954204764405075e-25 10002.808835944168 0.025060527833766964 0
15 "C II" 903.962 2 13.932116961251491 -14.260734396553776 8.01367047804196 213 251 1.8477452607501717e-26 14623.968849911746 0.021172540124090096 1
16 "C II" 903.962 2 13.09074307842655 -45.74853188968495 7.639076794241103 346 358 1.1401919278863237e-26 24064.48234332309 0.02159892632172183 1
17 "C II" 903.962 2 13.204193490703913 -70.36901554159667 7.827537028453978 390 425 8.864327690470098e-27 18867.476230621454 0.01586351012003381 1
18 "C II" 903.962 2 13.170679036644492 -80.22443863917243 3.9925249489853996 442 489 6.959238246960222e-27 18301.019697135944 0.01410492782544635 1
19 "C II" 903.962 2 13.056428074442106 -112.93076968311094 12.801093039369697 517 553 7.45245221789632e-27 20443.45112130267 0.023370417101830604 1
20 "C II" 903.962 2 15.586012650826111 -69.97733702398624 29.90380964871192 596 727 3.8447920756466397e-26 11379.143918615111 0.12866950007734074 1
21 "C II" 903.962 2 13.166991668399149 -146.83302798964104 5.838764901360453 738 761 5.444014036895728e-27 17136.036988916323 0.07456968623903165 1
22 "C II" 903.962 2 16.19452950203296 13.574725104213552 152.65588178455363 826 901 2.259851005119315e-25 9757.905219830704 0.110092379457248 1
23 "C II" 903.962 2 18.825904144931854 286.9024954185368 40.717319967630615 907 983 2.8371419568019715e-23 309.49878645892113 0.7379849030343159 1
24 "C II" 903.962 2 13.024623670252561 179.91440437667652 12.72460348066068 1000 1010 2.5211298305681664e-27 58739.92258753228 0.19753101150456373 1
25 "C II" 903.962 2 14.083441139988498 125.87918255096382 13.112259115138604 1104 1134 6.318516299559023e-27 11197.99463431146 0.30947724160395723 1
26 "C II" 903.962 2 13.144874687071251 72.80951231029641 10.10748828419379 1150 1161 2.0463851510359838e-27 47691.576425243824 0.4235645015160933 1
27 "C II" 903.962 2 13.215347778578463 42.68472999524798 5.01171041601872 1243 1250 2.4918673043382807e-27 57631.31160416876 0.4450258843836668 1
28 "C II" 903.962 2 13.598686350103312 195.49977724928803 10.217087009145557 1467 1475 1.219492885661818e-26 32617.70624284827 0.09926804105296098 1
29 "C II" 903.962 2 13.477213255700438 257.0928665706654 13.84474787494611 1552 1562 4.843579600122607e-27 32847.55041987564 0.28322081799665494 1
30 "C II" 903.962 2 15.603970695017612 -241.48117360790047 10.661966026492966 271 313 9.058012974432e-26 10194.819659500117 0.08272768304807682 2
31 "C II" 903.962 2 14.222725431271867 -267.8237578810377 7.856733201523916 320 340 1.8464524419658024e-26 12546.530716655774 0.08918303529414788 2
32 "C II" 903.962 2 15.784941601672955 -285.09693989515415 10.086353603240283 340 413 6.03509579937719e-26 10639.136616551543 0.11726782740867453 2
33 "C II" 903.962 2 13.274559163948322 -249.17243374288398 14.371293348539854 448 453 8.375965280940457e-27 35568.95845170993 0.07126236740752173 2
34 "C II" 903.962 2 13.981264105080815 -69.718219388487 10.311523146484848 460 474 1.355625689913437e-26 23569.206157078846 0.10662574530103908 2
35 "C II" 903.962 2 13.08259761483143 -102.27650515124277 6.130747288773721 486 490 5.8065991989229835e-27 48120.417741483056 0.14540790012035507 2
36 "C II" 903.962 2 15.835951306924079 -105.57303919904045 9.12131767229996 542 554 1.1048510841445039e-25 9420.16748035256 0.21811176409740599 2
37 "C II" 903.962 2 13.19548751336671 -178.0450144587612  555 556 1.190928558011355e-26 19550.113180139215 0.18937758420332115 2
38 "C II" 903.962 2 13.309964817094949 -325.6618320571081 3.5871291093510704 618 626 4.938843940493646e-27 20780.832691575164 0.2700085006643213 2
39 "C II" 903.962 2 13.74203643242039 41.99652134733912 3.3507957568647604 775 800 1.9059640269650844e-26 15858.334309402137 0.02202702788517333 2
40 "C II" 903.962 2 14.12302442776897 99.20001216258103 15.480779490352395 341 351 2.2605960266364843e-26 17052.51253369989 0.12974107330437706 3
41 "C II" 903.962 2 15.849158724174217 104.38762437547506 25.564095181445328 401 488 1.0654663815264561e-25 10386.869479333684 0.07040900882432441 3
42 "C II" 903.962 2 14.553153655529435 154.5155606607184 19.200545285101605 488 537 2.0004530190486224e-26 13675.842803553636 0.07739660155703654 3
43 "C II" 903.962 2 13.0793952144734 92.6024757062209 36.4732112128818 592 602 8.107215903379478e-27 18712.436169631066 0.05193171022268776 3
44 "C II" 903.962 2 13.710286338827176 262.12964208557537 4.132351723492072 686 700 1.1244206108573456e-26 21532.626395353982 0.09276131857705723 3
