 name wave redshift col_dens delta_v vel_dispersion interval_start interval_end density temperature metallicity lightray_index
0 "C II" 903.962 2 16.071934360988276 -77.56525763877178 32.141674866448504 48 95 1.5565310022442269e-25 10132.969582091808 0.13865534031019405 0
1 "C II" 903.962 2 13.90475775868102 -82.95137682504898  118 119 3.2992966096413396e-26 16765.383096186466 0.23381779762459276 0
2 "C II" 903.962 2 13.76569643508323 -70.55724976203268  122 123 3.5865350565931976e-26 16780.87717665171 0.2412587080589555 0
3 "C II" 903.962 2 13.963946923059652 -72.41065366450813 3.5095026017757665 125 127 3.195433578742609e-26 47247.26432228391 0.24132710956232056 0
4 "C II" 903.962 2 15.806974662793868 -125.99908409705672 37.649438835564354 134 142 1.6780906510305567e-25 13485.813780526994 0.2808831569660533 0
5 "C II" 903.962 2 15.225114027248424 -81.98474770939568 21.13511341022405 301 348 3.067374414815798e-26 12268.10710435137 0.2572633318750183 0
6 "C II" 903.962 2 13.613300339115625 -189.46219688930915 8.231457245013695 466 502 5.9036055459755265e-27 15337.907295665562 0.1335781287760336 0
7 "C II" 903.962 2 13.153091328803047 -131.8167206996623 6.1195502163480695 738 754 1.3787045274100766e-26 21415.493840398634 0.015709999348446878 0
8 "C II" 903.962 2 13.345318400131156 -128.83124566420548 5.979155981888645 755 773 1.783431210340813e-26 13788.611748590407 0.016196102747475807 0
9 "C II" 903.962 2 14.438937796948505 -225.8533531460756 8.652708357346741 1054 1111 2.1176173388283414e-26 13359.121454896786 0.08850054918342733 0
10 "C II" 903.962 2 14.619021534472092 -152.5597605780451 22.21471116789358 1114 1119 7.9881294665308e-26 11177.194128232062 0.07375550300677572 0
11 "C II" 903.962 2 15.14900948568273 -50.34694059361854 47.70337137758528 1207 1235 4.7961137135323864e-26 12463.20381786535 0.1855345021901087 0
12 "C II" 903.962 2 14.383624426251368 151.58662001122235 35.37416316393458 1248 1275 2.3700690315942249e-26 17810.27819537829 0.09348722952532289 0
13 "C II" 903.962 2 13.288042411184959 173.7739810489935 4.84046868432729 1298 1302 1.3636207109523864e-26 29498.88503134262 0.09234823446967616 0
14 "C II" 903.962 2 15.309354045324152 197.6019840530122 9.460259822007277 1305 1336 7.46225484580696e-26 10111.901887231887 0.0848528890597585 0
15 "C II" 903.962 2 13.597443714419923 224.36836822469493 3.9331303966910864 1354 1379 1.5841924969274022e-26 15757.660317836906 0.04125322901391146 0
16 "C II" 903.962 2 15.584471300866777 249.04826384042462 11.411054414104699 1388 1423 4.216116256188627e-25 9509.587853953535 0.02375482426012376 0
17 "C II" 903.962 2 14.051349638437339 248.58364864306546 5.499674710479448 1423 1434 3.715764720459326e-26 13949.71500868239 0.046208955585288924 0
18 "C II" 903.962 2 13.046909947695786 226.11160436031003 3.5672103601740126 1435 1439 1.3007119620971066e-26 24688.621328444493 0.048631893487371805 0
19 "C II" 903.962 2 13.776473626968134 -13.652809442137437 6.8257395440800215 222 240 2.2335546683744187e-26 13871.214416581846 0.02472906103914375 1
20 "C II" 903.962 2 13.089754134299268 -70.36901554159671 7.827537028453982 390 425 8.864327690470098e-27 18867.476230621454 0.01586351012003381 1
21 "C II" 903.962 2 14.000111780834967 -120.82388761039013 10.359320503833654 599 634 1.8810956553727344e-26 13032.739921833145 0.06008016187904971 1
22 "C II" 903.962 2 15.45661405302542 -68.19553120234609 28.70828267584188 634 727 4.2359826530036034e-26 11063.510579854688 0.1421850978324976 1
23 "C II" 903.962 2 13.024775380145677 -147.24709884216662 5.704901497900215 739 756 5.915146519639894e-27 17167.68945762464 0.0722016619024093 1
24 "C II" 903.962 2 13.358549418362948 -204.56895836958205 22.41109619420319 826 853 8.865276449337957e-27 15572.729666623065 0.04019986571628591 1
25 "C II" 903.962 2 16.07920438976777 14.024641944356478 152.4813364652142 860 901 2.3859300994730085e-25 9455.747825713013 0.11405605181061704 1
26 "C II" 903.962 2 18.711464780404004 286.90249619133414 40.71731998527488 908 983 2.837147280579791e-23 309.469103232372 0.737985391191237 1
27 "C II" 903.962 2 13.96569207080019 126.16677184568911 12.710277514809473 1104 1132 6.4311169184762334e-27 11109.27167346417 0.3102140371714745 1
28 "C II" 903.962 2 13.011551083096387 74.189616113701 7.157199261732121 1150 1159 2.161737739389829e-27 44155.483689322755 0.4246659493647787 1
29 "C II" 903.962 2 13.100608182959554 42.675267469380266 4.995640410162545 1243 1249 2.498356855148661e-27 57281.25219538673 0.44523674309009437 1
30 "C II" 903.962 2 13.484246993698667 195.499777249288 10.217087009145553 1467 1475 1.219492885661818e-26 32617.70624284827 0.09926804105296098 1
31 "C II" 903.962 2 13.357108775226592 257.53737524408103 13.25486522332102 1553 1562 5.1349098233378604e-27 27294.200609207244 0.2856463249734544 1
32 "C II" 903.962 2 15.489531338612966 -241.4811736079004 10.661966026492962 271 313 9.058012974432e-26 10194.819659500117 0.08272768304807682 2
33 "C II" 903.962 2 14.10828607486722 -267.8237578810376 7.856733201523915 320 340 1.8464524419658024e-26 12546.530716655774 0.08918303529414788 2
34 "C II" 903.962 2 15.67050224526831 -285.09693989515415 10.086353603240282 340 413 6.03509579937719e-26 10639.136616551543 0.11726782740867453 2
35 "C II" 903.962 2 13.160119807543674 -249.17243374288398 14.371293348539856 448 453 8.375965280940457e-27 35568.95845170993 0.07126236740752173 2
36 "C II" 903.962 2 13.86682474867617 -69.71821938848699 10.311523146484848 460 474 1.355625689913437e-26 23569.206157078846 0.10662574530103908 2
37 "C II" 903.962 2 15.721511950519432 -105.57303919904045 9.121317672299961 542 554 1.1048510841445039e-25 9420.16748035256 0.21811176409740599 2
38 "C II" 903.962 2 13.081048156962066 -178.0450144587612  555 556 1.190928558011355e-26 19550.113180139215 0.18937758420332115 2
39 "C II" 903.962 2 13.195525460690302 -325.66183205710814 3.587129109351071 618 626 4.938843940493646e-27 20780.832691575164 0.2700085006643213 2
40 "C II" 903.962 2 13.627597076015745 41.99652134733912 3.35079575686476 775 800 1.9059640269650844e-26 15858.334309402137 0.02202702788517333 2
41 "C II" 903.962 2 14.008585071364323 99.200012162581 15.480779490352395 341 351 2.2605960266364843e-26 17052.51253369989 0.12974107330437706 3
42 "C II" 903.962 2 15.734719367769571 104.38762437547506 25.564095181445328 401 488 1.0654663815264561e-25 10386.869479333684 0.07040900882432441 3
43 "C II" 903.962 2 14.43871429912479 154.5155606607184 19.2005452851016 488 537 2.0004530190486224e-26 13675.842803553636 0.07739660155703654 3
44 "C II" 903.962 2 13.59584698242253 262.1296420855754 4.132351723492073 686 700 1.1244206108573456e-26 21532.626395353982 0.09276131857705723 3
