 name wave redshift col_dens delta_v vel_dispersion interval_start interval_end density temperature metallicity lightray_index
0 "O VI" 1031.912 2 13.74313808540908 -115.16709993136013 10.32125491861973 112 118 6.498003199460344e-27 472768.35487121297 0.3333480338193328 0
1 "O VI" 1031.912 2 13.402834301004516 -78.34869883066261 6.117307135531329 119 122 7.564674764923075e-27 371204.73162930686 0.3364273434959957 0
2 "O VI" 1031.912 2 14.119847284854796 -43.695691624786384 38.38413347136309 194 318 3.420687196601179e-27 274258.3888872007 0.27588624845706256 0
3 "O VI" 1031.912 2 12.86257841360681 34.75094887442064 18.453964642722152 675 680 3.5690496924172673e-28 365518.0610731202 0.13282825646547966 0
4 "O VI" 1031.912 2 13.503333635761859 -185.5101760156677 10.070741853861623 905 999 1.5723211515206669e-27 104166.91844112452 0.052207608981488074 0
5 "O VI" 1031.912 2 13.345882186241129 -11.455537817057156 81.72559095948768 1119 1214 1.7699134957978135e-27 10563.087571918077 0.16942960116411393 0
6 "O VI" 1031.912 2 13.812018821147712 103.62732845317501 30.04119077957846 1235 1246 3.786878215132427e-27 300326.5271086726 0.15197594256405664 0
7 "O VI" 1031.912 2 12.842297029416319 181.21221918848173 29.35080140005466 1269 1295 3.35101007313225e-27 58671.924985676844 0.11777378374092079 0
8 "O VI" 1031.912 2 12.90104784262496 -10.907013733610274 9.45661281223744 1670 1681 2.6493156526110425e-28 541987.4358831753 0.35522466772581385 0
9 "O VI" 1031.912 2 13.002852050277633 52.78462752551807 4.296219291806585 1767 1783 6.386822124803083e-29 259413.5255459758 0.12191341012510672 0
10 "O VI" 1031.912 2 13.173536005016537 253.37199830890478 33.84972587826127 982 992 5.3689988043397995e-27 105497.04463843521 0.3212606994158951 1
11 "O VI" 1031.912 2 13.953567297580118 161.32481893457006 32.8902653840517 992 1022 3.562632517183014e-27 146741.99110174965 0.320577335668731 1
12 "O VI" 1031.912 2 13.109569956330695 59.175709505976236 50.78176154879872 1128 1165 3.1525602071131397e-27 41615.470017749416 0.3549378242555436 1
13 "O VI" 1031.912 2 13.54408430383681 -59.77799603869543 34.886151553801255 1187 1218 1.045896118709421e-27 217121.06411541137 0.3836783008811118 1
14 "O VI" 1031.912 2 12.908980796170008 36.78221869657076 20.76559821014196 1239 1255 1.980469711057358e-27 119634.25162977092 0.44585860132161265 1
15 "O VI" 1031.912 2 13.295120449097798 124.61830527300391 12.91315876541138 1418 1430 2.400829001432858e-27 411114.5940109012 0.1556218539229247 1
16 "O VI" 1031.912 2 12.802009890102815 173.26771860925135 5.46013008995824 1465 1470 6.539812688406277e-27 127945.29535743102 0.12048766543488357 1
17 "O VI" 1031.912 2 13.788516371323093 154.04070533975207 45.319976064039984 1546 1565 4.891572030095472e-27 198696.19862306552 0.2825679832238339 1
18 "O VI" 1031.912 2 12.85607091694836 77.69852540267647 21.23622919300353 1621 1639 3.799982430545528e-28 323634.36170428194 0.29089257814403474 1
19 "O VI" 1031.912 2 12.9311179317121 -222.1705188744745 9.841005183514358 453 456 2.5622818555120483e-27 526420.3665137687 0.14458863676932324 2
20 "O VI" 1031.912 2 13.384645089435116 -250.38129553432304 49.305682621274414 556 580 1.745936022274478e-27 290589.7439446982 0.21122293789890345 2
21 "O VI" 1031.912 2 13.009771991157498 -367.45342198049127 24.424554043372762 616 638 3.98370104690589e-27 42605.93712364519 0.271959573520695 2
22 "O VI" 1031.912 2 14.10630413311813 -280.21218366481287 4.868892600717049 643 656 8.633354375977738e-28 385367.6165646933 0.9729725001018632 2
23 "O VI" 1031.912 2 13.142481477157656 41.94141551598352 5.60950016902834 2 14 3.7462731595677254e-28 51286.04952321132 0.01883270283747833 3
24 "O VI" 1031.912 2 12.982134121297706 27.53186833525366  14 15 1.4405543189377054e-28 44440.744060686986 0.06524886498688605 3
25 "O VI" 1031.912 2 13.739565114434113 267.2086699726224 22.96868520824406 126 186 8.03022832239332e-29 244157.54714323275 0.5503566452357577 3
26 "O VI" 1031.912 2 13.769878545715779 234.9589624370928 25.304660747777177 198 229 5.581879004020331e-28 89877.88758466936 0.46169900734467273 3
27 "O VI" 1031.912 2 13.980028284597342 253.69425205837945 58.15388101022144 244 336 5.269859302035536e-28 73463.25980872527 0.28299362417308715 3
28 "O VI" 1031.912 2 13.324842978926373 120.0224158514184 22.0512880568452 349 402 1.2100462505439941e-27 26558.26466197966 0.19453568640842914 3
29 "O VI" 1031.912 2 13.580797470811401 262.23679447423586 15.889231847766325 613 681 7.967605670264803e-28 239941.05046464206 0.12753639387499643 3
30 "O VI" 1031.912 2 13.88250124773317 182.05055479474237 50.889521174158574 750 866 4.621248391164243e-28 176455.8471187055 0.20916353484777636 3
31 "O VI" 1031.912 2 13.803151481052419 114.97248040107661 22.961562114071032 874 894 2.7180786601572728e-28 306290.1014274789 0.4319813672980931 3
