 name wave redshift col_dens delta_v vel_dispersion interval_start interval_end density temperature metallicity lightray_index
0 "O VI" 1031.912 2 13.35390172488329 -131.5879199384516 49.695308044677276 0 52 1.5011173938297127e-27 519769.8176892225 0.05567181308944934 0
1 "O VI" 1031.912 2 14.018037668818868 -115.16709993136014 10.321254918619733 112 118 6.498003199460344e-27 472768.35487121297 0.3333480338193328 0
2 "O VI" 1031.912 2 13.677733884414303 -78.34869883066261 6.11730713553133 119 122 7.564674764923075e-27 371204.73162930686 0.3364273434959957 0
3 "O VI" 1031.912 2 14.398387481517167 -44.869030237517116 40.625175466125185 191 320 4.376856731378682e-27 279800.04810613795 0.2866125995409993 0
4 "O VI" 1031.912 2 13.109210840980813 -86.08458489953574 64.78163616819808 347 498 3.6899001857322815e-27 15990.322223643754 0.10111000907786785 0
5 "O VI" 1031.912 2 12.96710402047996 -115.9475862138771 20.917415192005166 631 672 1.0964506095565924e-27 72374.65300702945 0.02464328437687033 0
6 "O VI" 1031.912 2 13.137477997016598 34.75094887442064 18.453964642722156 675 680 3.5690496924172673e-28 365518.0610731202 0.13282825646547966 0
7 "O VI" 1031.912 2 12.888672976186061 -142.36778608394923 6.886003933497471 833 844 1.8485421379131516e-27 72672.98004584468 0.032161194624548396 0
8 "O VI" 1031.912 2 13.212492225028775 -127.06856245531485 33.07060034738461 870 905 1.8561466562375763e-27 149969.12515133288 0.06792313927392818 0
9 "O VI" 1031.912 2 13.787427389797346 -185.88571838025337 10.305064682354127 905 1024 2.3199548032144673e-27 71959.31995671026 0.047466341594488384 0
10 "O VI" 1031.912 2 13.625413820316579 -12.847402246314076 82.4024233838885 1119 1220 2.5068580502056098e-27 11261.8601868786 0.16941804598893198 0
11 "O VI" 1031.912 2 14.087224301764616 103.62073851120783 30.033181333134436 1232 1247 6.77128560149382e-27 179851.4714158806 0.15338495406560063 0
12 "O VI" 1031.912 2 13.123843132122591 181.28596173472388 29.087888246103304 1269 1300 4.521529757958384e-27 59384.43028618334 0.10529052258307009 0
13 "O VI" 1031.912 2 12.892007659302353 179.5205797125741 24.435269564226555 1333 1365 6.3889691793899e-27 30218.167821390645 0.057537025346588375 0
14 "O VI" 1031.912 2 12.813901564036845 176.6013662415048 34.87061571760717 1372 1380 4.657569066413621e-27 41779.50688977555 0.06478238839238588 0
15 "O VI" 1031.912 2 12.898025672510354 39.76209093956677 74.9918050096629 1470 1482 1.6383458018212892e-27 326455.825785414 0.32619184812303137 0
16 "O VI" 1031.912 2 13.366655376610746 -3.5325261669155266 26.577965991268798 1663 1710 2.4387038802047505e-28 833505.1021776868 0.23341267975966068 0
17 "O VI" 1031.912 2 13.468914899309913 69.80515849927978 24.2860428076335 1767 1789 4.057408307688659e-28 98556.4833794235 0.039492171377578926 0
18 "O VI" 1031.912 2 13.110648169287812 15.52205069845717 18.828585860009166 1 11 5.048283989869654e-29 404252.8253101483 0.4661114414177121 1
19 "O VI" 1031.912 2 12.909037714995197 38.31485559173404 12.991731395083475 15 33 9.290435386687673e-29 731220.464813337 0.4326666419320841 1
20 "O VI" 1031.912 2 12.975625960051781 53.05209202172694 13.023221732046608 110 171 3.703477102622214e-27 202504.50441960982 0.04639529147324199 1
21 "O VI" 1031.912 2 13.125456631557213 31.343729054889486 20.593833080079914 174 211 3.423263032180441e-27 57139.28098758048 0.03294689477442931 1
22 "O VI" 1031.912 2 12.92584253532539 -69.54551602628057 15.9836275846399 536 600 3.068463889403071e-27 14204.316091484126 0.05510908866885996 1
23 "O VI" 1031.912 2 13.206885393493916 -165.59699437456803 22.592241020805446 723 832 3.887991199950474e-27 16366.143814402436 0.06845687248730288 1
24 "O VI" 1031.912 2 12.97263064435515 202.8011734492931 84.02615443599352 898 911 6.040244436067138e-27 19478.766964396626 0.4167979878017865 1
25 "O VI" 1031.912 2 14.295711529125114 174.2849344844442 48.42438895506551 982 1027 4.0159269257483215e-27 141589.66131522044 0.32014183220797704 1
26 "O VI" 1031.912 2 13.487214484673963 70.65668650475206 50.52457857632541 1100 1165 5.558454565258841e-27 26962.49753264658 0.3230423006305896 1
27 "O VI" 1031.912 2 13.841041623828051 -64.02756694124535 39.156403292619665 1187 1226 8.752341916264528e-28 344858.5740715166 0.39611724431491924 1
28 "O VI" 1031.912 2 13.186288744120827 36.02854345341478 23.483818702885426 1239 1257 1.9332871271558914e-27 155437.37728628682 0.4490592324530506 1
29 "O VI" 1031.912 2 13.580778438265181 123.48018495278507 16.882729851655746 1412 1437 1.9673086389463056e-27 640635.5091929117 0.2004625235767157 1
30 "O VI" 1031.912 2 13.079603568402456 173.0793976600351 6.927112838951316 1462 1470 6.305448249212282e-27 193517.8612811454 0.12935908821518996 1
31 "O VI" 1031.912 2 13.014052201622173 79.19149583278751 72.4456492665324 1473 1521 1.2349674513044709e-27 661190.2983064235 0.23382958589193054 1
32 "O VI" 1031.912 2 14.06341595473288 154.04070533975207 45.31997606403999 1546 1565 4.891572030095472e-27 198696.19862306552 0.2825679832238339 1
33 "O VI" 1031.912 2 13.132400954615472 77.65803774169324 21.199240017814905 1619 1639 3.6258378088501008e-28 400985.78316228057 0.30526087602625546 1
34 "O VI" 1031.912 2 12.959835228562056 181.75349365468813 3.799138168906434 1796 1841 3.736965090947102e-28 222933.52209264168 0.0053737633171088055 1
35 "O VI" 1031.912 2 12.952143292146353 123.26844464091742 18.55618404118372 1843 1857 1.0230387089606479e-27 284718.0166285965 0.0034121634283601062 1
36 "O VI" 1031.912 2 12.885597578728603 -205.93884688949373 3.588703636048412 0 11 5.55747589521526e-29 303844.28436549974 0.07617904575543585 2
37 "O VI" 1031.912 2 13.206017515121887 -222.1705188744745 9.84100518351436 453 456 2.5622818555120483e-27 526420.3665137687 0.14458863676932324 2
38 "O VI" 1031.912 2 13.036388622132732 -122.28382471071465 15.772605314495983 468 493 4.728408583558061e-27 69440.62055523138 0.12799748109260461 2
39 "O VI" 1031.912 2 13.659544672844904 -250.38129553432302 49.305682621274414 556 580 1.745936022274478e-27 290589.7439446982 0.21122293789890345 2
40 "O VI" 1031.912 2 13.284671574567286 -367.4534219804913 24.424554043372765 616 638 3.98370104690589e-27 42605.93712364519 0.271959573520695 2
41 "O VI" 1031.912 2 14.381203716527917 -280.21218366481287 4.86889260071705 643 656 8.633354375977738e-28 385367.6165646933 0.9729725001018632 2
42 "O VI" 1031.912 2 13.7369511174475 35.38755989874497 9.027845751420644 0 19 3.5116303363518322e-28 51838.90317129221 0.023394466098376875 3
43 "O VI" 1031.912 2 12.826734224695903 299.78118708265146 5.156638991590821 95 106 8.424895026738852e-29 491912.46935398347 0.5816940819875852 3
44 "O VI" 1031.912 2 14.341803700314511 251.037148293243 28.75079496780748 118 229 3.8339242140320687e-28 159452.56612138415 0.4918730307130917 3
45 "O VI" 1031.912 2 14.26146790941041 253.39160586482853 59.31475535741029 240 343 1.6153886397721159e-27 70515.00951059109 0.24981705423780556 3
46 "O VI" 1031.912 2 13.60291584860249 119.91757261384636 22.024630151678497 348 405 3.6980650050898064e-27 23235.145422949496 0.17119966507460246 3
47 "O VI" 1031.912 2 12.814029818485782 -11.565418222827631 6.408184207881822 541 592 1.8716625547623864e-27 34649.46916345341 0.061926426109742035 3
48 "O VI" 1031.912 2 13.855697054221189 262.23679447423586 15.889231847766322 613 681 7.967605670264803e-28 239941.05046464206 0.12753639387499643 3
49 "O VI" 1031.912 2 14.429421376317995 150.34455256316818 53.522933785524344 746 899 4.824261712518682e-28 226179.9900532182 0.25275583457780126 3
