 name wave redshift col_dens delta_v vel_dispersion interval_start interval_end density temperature metallicity lightray_index
0 "O VI" 1031.912 2 13.645021838273989 -131.58791993845168 49.695308044677276 0 52 1.5011173938297127e-27 519769.8176892225 0.05567181308944934 0
1 "O VI" 1031.912 2 14.309157782209567 -115.16709993136008 10.321254918619728 112 118 6.498003199460344e-27 472768.35487121297 0.3333480338193328 0
2 "O VI" 1031.912 2 13.968853997805002 -78.34869883066261 6.117307135531318 119 122 7.564674764923075e-27 371204.73162930686 0.3364273434959957 0
3 "O VI" 1031.912 2 13.006762622723793 -75.27007322619897 3.778467133131524 123 126 1.60056627598569e-26 137837.395315043 0.2641166600509847 0
4 "O VI" 1031.912 2 12.847086955099943 26.814001324713654 32.74542731400961 146 155 3.516264714123237e-27 1890568.6356836732 0.4737305853587601 0
5 "O VI" 1031.912 2 14.689507594907866 -44.869030237517094 40.62517546612518 191 320 4.376856731378682e-27 279800.04810613795 0.2866125995409993 0
6 "O VI" 1031.912 2 13.400330954371512 -86.08458489953576 64.78163616819808 347 498 3.6899001857322815e-27 15990.322223643754 0.10111000907786785 0
7 "O VI" 1031.912 2 12.85119513858243 -96.53348782946865 3.56733991320028 601 617 8.400525386346125e-28 397396.4510455503 0.05183374018819726 0
8 "O VI" 1031.912 2 13.258224133870659 -115.94758621387713 20.917415192005176 631 672 1.0964506095565924e-27 72374.65300702945 0.02464328437687033 0
9 "O VI" 1031.912 2 13.428598110407297 34.75094887442064 18.453964642722156 675 680 3.5690496924172673e-28 365518.0610731202 0.13282825646547966 0
10 "O VI" 1031.912 2 13.17979308957676 -142.36778608394926 6.886003933497472 833 844 1.8485421379131516e-27 72672.98004584468 0.032161194624548396 0
11 "O VI" 1031.912 2 13.503612338419474 -127.06856245531488 33.07060034738462 870 905 1.8561466562375763e-27 149969.12515133288 0.06792313927392818 0
12 "O VI" 1031.912 2 14.078547503188044 -185.8857183802533 10.305064682354125 905 1024 2.3199548032144673e-27 71959.31995671026 0.047466341594488384 0
13 "O VI" 1031.912 2 13.916533933707278 -12.84740224631408 82.40242338388852 1119 1220 2.5068580502056098e-27 11261.8601868786 0.16941804598893198 0
14 "O VI" 1031.912 2 14.378344415155315 103.6207385112078 30.033181333134433 1232 1247 6.77128560149382e-27 179851.4714158806 0.15338495406560063 0
15 "O VI" 1031.912 2 13.41496324551329 181.28596173472383 29.087888246103308 1269 1300 4.521529757958384e-27 59384.43028618334 0.10529052258307009 0
16 "O VI" 1031.912 2 13.183127772693052 179.52057971257412 24.43526956422656 1333 1365 6.3889691793899e-27 30218.167821390645 0.057537025346588375 0
17 "O VI" 1031.912 2 13.105021677427544 176.60136624150476 34.87061571760714 1372 1380 4.657569066413621e-27 41779.50688977555 0.06478238839238588 0
18 "O VI" 1031.912 2 13.189145785901053 39.76209093956677 74.99180500966288 1470 1482 1.6383458018212892e-27 326455.825785414 0.32619184812303137 0
19 "O VI" 1031.912 2 13.657775490001445 -3.5325261669155275 26.577965991268794 1663 1710 2.4387038802047505e-28 833505.1021776868 0.23341267975966068 0
20 "O VI" 1031.912 2 13.760035012700612 69.8051584992798 24.286042807633503 1767 1789 4.057408307688659e-28 98556.4833794235 0.039492171377578926 0
21 "O VI" 1031.912 2 13.40176828267851 15.522050698457168 18.828585860009166 1 11 5.048283989869654e-29 404252.8253101483 0.4661114414177121 1
22 "O VI" 1031.912 2 13.200157828385896 38.314855591734045 12.991731395083477 15 33 9.290435386687673e-29 731220.464813337 0.4326666419320841 1
23 "O VI" 1031.912 2 12.96200643625831 47.262464238594006 18.272846612109998 33 91 1.5481743787377566e-28 1048247.1309351274 0.2651167926435316 1
24 "O VI" 1031.912 2 13.26674607344248 53.05209202172694 13.023221732046608 110 171 3.703477102622214e-27 202504.50441960982 0.04639529147324199 1
25 "O VI" 1031.912 2 13.416576744947912 31.343729054889486 20.59383308007991 174 211 3.423263032180441e-27 57139.28098758048 0.03294689477442931 1
26 "O VI" 1031.912 2 13.070470708684258 -14.159649340812969 6.014572517207178 249 269 3.158772357018276e-27 101374.29455929754 0.03426602165208526 1
27 "O VI" 1031.912 2 13.21696264871609 -69.54551602628057 15.9836275846399 536 600 3.068463889403071e-27 14204.316091484126 0.05510908866885996 1
28 "O VI" 1031.912 2 13.498005506884615 -165.596994374568 22.592241020805446 723 832 3.887991199950474e-27 16366.143814402436 0.06845687248730288 1
29 "O VI" 1031.912 2 13.263750757745848 202.80117344929312 84.02615443599355 898 911 6.040244436067138e-27 19478.766964396626 0.4167979878017865 1
30 "O VI" 1031.912 2 14.586831642515813 174.28493448444425 48.42438895506553 982 1027 4.0159269257483215e-27 141589.66131522044 0.32014183220797704 1
31 "O VI" 1031.912 2 13.778334598064662 70.65668650475206 50.52457857632542 1100 1165 5.558454565258841e-27 26962.49753264658 0.3230423006305896 1
32 "O VI" 1031.912 2 14.13216173721875 -64.02756694124535 39.15640329261967 1187 1226 8.752341916264528e-28 344858.5740715166 0.39611724431491924 1
33 "O VI" 1031.912 2 13.477408857511525 36.02854345341478 23.48381870288543 1239 1257 1.9332871271558914e-27 155437.37728628682 0.4490592324530506 1
34 "O VI" 1031.912 2 13.87189855165588 123.48018495278507 16.88272985165575 1412 1437 1.9673086389463056e-27 640635.5091929117 0.2004625235767157 1
35 "O VI" 1031.912 2 13.370723681793155 173.07939766003508 6.927112838951312 1462 1470 6.305448249212282e-27 193517.8612811454 0.12935908821518996 1
36 "O VI" 1031.912 2 13.305172315012872 79.1914958327875 72.4456492665324 1473 1521 1.2349674513044709e-27 661190.2983064235 0.23382958589193054 1
37 "O VI" 1031.912 2 14.35453606812358 154.0407053397521 45.319976064039984 1546 1565 4.891572030095472e-27 198696.19862306552 0.2825679832238339 1
38 "O VI" 1031.912 2 13.42352106800617 77.65803774169324 21.19924001781491 1619 1639 3.6258378088501008e-28 400985.78316228057 0.30526087602625546 1
39 "O VI" 1031.912 2 13.250955341952755 181.75349365468813 3.799138168906434 1796 1841 3.736965090947102e-28 222933.52209264168 0.0053737633171088055 1
40 "O VI" 1031.912 2 13.243263405537052 123.26844464091741 18.556184041183716 1843 1857 1.0230387089606479e-27 284718.0166285965 0.0034121634283601062 1
41 "O VI" 1031.912 2 13.176717692119302 -205.9388468894937 3.5887036360484124 0 11 5.55747589521526e-29 303844.28436549974 0.07617904575543585 2
42 "O VI" 1031.912 2 13.14349525729659 -189.5591386752478 16.738741518154313 75 137 1.0908093077628948e-28 818218.4969715574 0.272812803122864 2
43 "O VI" 1031.912 2 13.031384901542822 -250.8383267355088 23.29077921579731 262 275 6.810325758268512e-27 27548.622007363898 0.12063949052204623 2
44 "O VI" 1031.912 2 13.609878738769405 -219.75487905829587 27.790594125798055 433 456 6.099695508373512e-27 89720.7086452875 0.08432109186347835 2
45 "O VI" 1031.912 2 13.34396619893257 -122.51984781905225 19.36761628160428 463 504 6.88216374328608e-27 62127.727317339246 0.12167398682582642 2
46 "O VI" 1031.912 2 13.953387255257626 -250.2833084060429 49.799257436216855 554 585 6.493371397328434e-27 164307.1357350148 0.2034674831195544 2
47 "O VI" 1031.912 2 13.577787136577825 -367.4411057463694 24.369192308802266 616 640 3.9489405465779675e-27 51442.97911014807 0.2733042961915923 2
48 "O VI" 1031.912 2 14.673263841046344 -280.50079732613796 9.09130556823403 643 661 7.795927777615301e-28 479302.34756849677 0.9634997384748223 2
49 "O VI" 1031.912 2 12.855330116404547 -54.820633967218654 37.89331987672646 716 777 1.221984839726209e-27 1068711.0655096017 0.18969187420312958 2
50 "O VI" 1031.912 2 12.968949511988129 -8.118608990587902 29.304407268312367 799 832 3.1501034642668383e-27 316210.80255384225 0.06620834635369345 2
51 "O VI" 1031.912 2 14.028071230838199 35.387559898744975 9.027845751420644 0 19 3.5116303363518322e-28 51838.90317129221 0.023394466098376875 3
52 "O VI" 1031.912 2 13.117854338086602 299.78118708265146 5.156638991590822 95 106 8.424895026738852e-29 491912.46935398347 0.5816940819875852 3
53 "O VI" 1031.912 2 14.63292381370521 251.03714829324306 28.750794967807483 118 229 3.8339242140320687e-28 159452.56612138415 0.4918730307130917 3
54 "O VI" 1031.912 2 14.552588022801109 253.3916058648286 59.31475535741031 240 343 1.6153886397721159e-27 70515.00951059109 0.24981705423780556 3
55 "O VI" 1031.912 2 13.89403596199319 119.91757261384635 22.024630151678497 348 405 3.6980650050898064e-27 23235.145422949496 0.17119966507460246 3
56 "O VI" 1031.912 2 13.105149931876479 -11.56541822282763 6.408184207881823 541 592 1.8716625547623864e-27 34649.46916345341 0.061926426109742035 3
57 "O VI" 1031.912 2 14.146817167611887 262.2367944742359 15.889231847766323 613 681 7.967605670264803e-28 239941.05046464206 0.12753639387499643 3
58 "O VI" 1031.912 2 14.720541489708694 150.3445525631682 53.52293378552436 746 899 4.824261712518682e-28 226179.9900532182 0.25275583457780126 3
