 name wave redshift col_dens delta_v vel_dispersion interval_start interval_end density temperature metallicity lightray_index
0 "C IV" 1548.187 2 13.960174787736332 -131.16401453679106 59.15911866214094 42 95 1.5546851511160668e-25 10304.65188775645 0.1385398376684676 0
1 "C IV" 1548.187 2 13.147595346780772 -96.9697005466385 13.675413319387504 113 118 6.557103190975546e-27 458144.1100708263 0.33112701979675024 0
2 "C IV" 1548.187 2 13.12202882025573 -82.96302859440387 4.388471020810142 118 120 3.163283702389755e-26 52166.18052236911 0.24183788553603028 0
3 "C IV" 1548.187 2 13.116578080687797 -73.6126561013442 5.356097668337224 121 123 2.653027039434265e-26 88839.55096464964 0.26543123414365055 0
4 "C IV" 1548.187 2 14.083198555050224 -69.05905224965171 4.567322275185801 124 127 2.7985420456567414e-26 72039.73542000669 0.24946928746772956 0
5 "C IV" 1548.187 2 14.546431828522708 -15.289848865125444 88.75150658125507 134 142 1.6780906510305567e-25 13485.813780526994 0.2808831569660533 0
6 "C IV" 1548.187 2 15.226994962209549 -91.8929723197048 74.47433854706982 211 598 1.8019924246690584e-26 14323.345605206596 0.17382962846972988 0
7 "C IV" 1548.187 2 13.557253276300724 -80.56221965601785 14.792426033754902 615 657 2.865633675209609e-27 41449.570423553945 0.02265176447295931 0
8 "C IV" 1548.187 2 13.665084041056794 -105.83837285895311 41.406797278366525 727 774 1.5319446101722175e-26 18457.198797533812 0.016698611225037636 0
9 "C IV" 1548.187 2 13.055266226347364 -150.83411272333962 3.838568357098589 837 841 2.214692903448138e-27 43194.637637642365 0.025783062786926297 0
10 "C IV" 1548.187 2 13.393522297292815 -162.5023331065314 8.668214639575753 896 916 2.0304267433048355e-27 75041.31080702113 0.044505347926057245 0
11 "C IV" 1548.187 2 15.097089076658442 -111.21458177694154 105.04459636864522 964 1238 3.6569544163655614e-26 15588.435587675363 0.11534590121392074 0
12 "C IV" 1548.187 2 14.203176991750405 132.09939214677286 48.916397743060564 1242 1282 2.2365712552774935e-26 26596.386049764318 0.09595135449283375 0
13 "C IV" 1548.187 2 14.121131647446864 183.13275055436446 23.831439219490395 1295 1338 7.24400430507967e-26 11240.69548733119 0.08551951610780219 0
14 "C IV" 1548.187 2 13.947115830579905 223.57244342057405 7.92067128632344 1350 1382 1.509785645848193e-26 23618.991019382287 0.04606007593794266 0
15 "C IV" 1548.187 2 13.887134964190714 230.2895905099685 15.761629979067802 1408 1442 4.573129617951669e-26 17351.324398337496 0.03390840544209793 0
16 "C IV" 1548.187 2 13.066092657129294 101.03071173905856 3.4955690777641233 1783 1789 4.953066842001016e-28 56414.18282406558 0.017898956876924187 0
17 "C IV" 1548.187 2 13.385046145060514 31.606393929390297 5.629469861357708 162 174 4.848944850176929e-27 57876.93006642 0.027832169443381634 1
18 "C IV" 1548.187 2 13.465051254283026 14.168117407990612 4.471186734109151 178 208 3.591929353903497e-27 41403.69857422478 0.029749583947858566 1
19 "C IV" 1548.187 2 13.65758168143781 -14.33850561522982 13.842059006699472 208 253 1.8059018646808273e-26 14765.359306146152 0.020904636030443086 1
20 "C IV" 1548.187 2 13.23351846378354 -47.996957722243266 9.508224177676155 344 358 1.1009041866344047e-26 28131.859790141683 0.021848919726123663 1
21 "C IV" 1548.187 2 13.572154118071811 -70.19180490589649 8.03716258691279 390 425 8.864327690470098e-27 18867.476230621454 0.01586351012003381 1
22 "C IV" 1548.187 2 15.219329730739007 -117.05777137262679 50.579810760522996 442 873 2.5794549477167313e-26 13712.02478035003 0.09069677428678903 1
23 "C IV" 1548.187 2 13.401862610465644 79.66541125446469 93.1974973780647 881 892 1.7765355365495088e-25 9239.032340053034 0.12135720273771304 1
24 "C IV" 1548.187 2 14.469619490202481 169.63739573220994 78.8505294522368 892 922 5.739503043285092e-25 3988.3091259754474 0.8481535945453138 1
25 "C IV" 1548.187 2 13.960037796252355 225.01278431836352 17.51266619881669 934 937 1.8374956563584403e-25 5940.237673517229 1.0095713054770827 1
26 "C IV" 1548.187 2 13.811176844950934 318.8109300762441 7.381924737505075 973 986 2.7311442480391977e-25 8740.601499749237 0.2082329302551378 1
27 "C IV" 1548.187 2 13.874493451109416 219.76679489401016 31.38959847533422 986 999 4.194521045546005e-27 180460.56576940202 0.448279230415055 1
28 "C IV" 1548.187 2 13.812246456170298 177.25054055044666 15.801506776286455 1000 1011 2.516518553998428e-27 58918.96058189509 0.19745545196980366 1
29 "C IV" 1548.187 2 14.822929912577122 119.69121814000391 16.04436722685905 1102 1138 6.1161572928474134e-27 14650.539012753821 0.307768377445903 1
30 "C IV" 1548.187 2 14.109764619001492 70.87340848700713 13.952039763229019 1148 1162 1.93470234603505e-27 51602.11079427322 0.4248188804269279 1
31 "C IV" 1548.187 2 13.797417583812514 -45.24254756969297 10.526173554868484 1197 1207 1.429425510228553e-27 117319.01538205487 0.3518376519365673 1
32 "C IV" 1548.187 2 13.974177603808986 43.37026618866437 7.544823461081908 1242 1252 2.1723249575266557e-27 76577.1959671034 0.4451760374076283 1
33 "C IV" 1548.187 2 13.71559310169564 191.62179645201132 13.846686334570956 1467 1475 1.219492885661818e-26 32617.70624284827 0.09926804105296098 1
34 "C IV" 1548.187 2 14.165383760633363 246.93787413936383 22.69033826856627 1550 1564 4.860950002152359e-27 51434.99079691277 0.28628295521282165 1
35 "C IV" 1548.187 2 14.216392754105303 -218.51159540466773 12.60494086880575 265 297 3.812197625688881e-26 11645.389087677873 0.0753260314921239 2
36 "C IV" 1548.187 2 14.842952998242966 -276.2859717352751 15.11125133984499 301 414 6.030688739346463e-26 10703.932072163809 0.111112427849761 2
37 "C IV" 1548.187 2 13.709003373892564 -270.4118530628928 21.16301917129998 436 453 6.577548820717838e-27 42355.15007923627 0.07677518628519871 2
38 "C IV" 1548.187 2 14.0694719820521 -78.87232622919154 12.780087701131029 460 479 1.2807556626061274e-26 26895.713671929447 0.10782386900691115 2
39 "C IV" 1548.187 2 13.397402166635827 -109.89139658093575 11.33889648649247 484 491 4.5070508560547946e-27 79071.146974549 0.15028583895786343 2
40 "C IV" 1548.187 2 14.085686884517168 -138.30938354463436 31.53735946169296 542 558 1.0812942797184116e-25 10253.603358446595 0.2175069336195511 2
41 "C IV" 1548.187 2 14.249841130730092 -328.9265268719939 9.130572456838093 617 630 4.3062427436186456e-27 29509.196396794196 0.27072016124073256 2
42 "C IV" 1548.187 2 13.03658582405599 -276.43481610218026 2.0225333450147773 644 648 1.0839029693258594e-27 246898.89374581605 0.9758037807682834 2
43 "C IV" 1548.187 2 13.794259159078011 37.60006055416141 7.84784111167607 774 803 1.852017012643684e-26 17350.12189811613 0.023892802475224274 2
44 "C IV" 1548.187 2 13.410664730580223 40.22980380751978 6.633788703576425 4 15 3.560350777989589e-28 49540.59241115984 0.02525968228735825 3
45 "C IV" 1548.187 2 14.216370591126623 218.07073261322122 6.901185956759135 202 222 6.153201871955344e-28 67826.21207943239 0.45671339408314804 3
46 "C IV" 1548.187 2 13.152309417404288 284.578613787451 10.344856748237339 255 260 2.5680481916786144e-28 78270.58595029905 0.47929232183660786 3
47 "C IV" 1548.187 2 13.482761487092736 265.48759148928275 5.2822851521556675 260 265 4.496705948753548e-28 81947.35252376675 0.45434995351722973 3
48 "C IV" 1548.187 2 14.309307116087084 185.45758829710192 22.666977032109784 268 322 6.807511710451251e-28 12214.42232446856 0.18823488991809872 3
49 "C IV" 1548.187 2 14.145426314860984 138.52854797817216 30.208871157217263 339 368 1.9990567166754293e-26 20738.218574063096 0.13813569321149688 3
50 "C IV" 1548.187 2 14.874511092204852 117.13156084590268 60.98716359517322 379 605 9.292599951210686e-26 11353.912647934878 0.07090005312415096 3
51 "C IV" 1548.187 2 13.239023576808183 236.1340468122267 8.775030140576625 636 663 9.78107531090887e-28 178997.625764605 0.1359313002220393 3
52 "C IV" 1548.187 2 13.851002593082605 262.227159611895 7.468286829349688 685 703 1.0998222989185352e-26 22888.95438679835 0.09208626821434551 3
53 "C IV" 1548.187 2 13.194509061614527 392.5640773616177 8.730601260309975 722 737 9.757938577886252e-27 24955.130179888227 0.01500023815173474 3
54 "C IV" 1548.187 2 13.122532340584835 361.2915165306596 21.313604418078242 737 757 9.047651127426189e-27 29854.707135760484 0.016727362120453945 3
55 "C IV" 1548.187 2 13.63537491835532 190.00185276026758 13.537723046239629 804 848 5.66537392978551e-28 114053.55101931198 0.2059148727181829 3
