 name wave redshift col_dens delta_v vel_dispersion interval_start interval_end density temperature metallicity lightray_index
0 "C II" 903.962 2 16.214265541587775 -77.56525763877175 32.1416748664485 48 95 1.5565310022442269e-25 10132.969582091808 0.13865534031019405 0
1 "C II" 903.962 2 14.04708893928052 -82.95137682504897  118 119 3.2992966096413396e-26 16765.383096186466 0.23381779762459276 0
2 "C II" 903.962 2 13.90802761568273 -70.55724976203268  122 123 3.5865350565931976e-26 16780.87717665171 0.2412587080589555 0
3 "C II" 903.962 2 14.106278103659152 -72.41065366450813 3.509502601775768 125 127 3.195433578742609e-26 47247.26432228391 0.24132710956232056 0
4 "C II" 903.962 2 15.949305843393368 -125.99908409705675 37.649438835564354 134 142 1.6780906510305567e-25 13485.813780526994 0.2808831569660533 0
5 "C II" 903.962 2 15.367486197505658 -81.98528040979025 21.134005433069106 298 348 3.0578165353686637e-26 12255.584200067924 0.25749852428270803 0
6 "C II" 903.962 2 13.804645125009166 -186.08974879777256 13.851551871344206 444 502 5.152356440492022e-27 16606.94562449673 0.12589279149528834 0
7 "C II" 903.962 2 13.705851303299072 -129.7569275011256 6.817563615338136 737 773 1.5902220079337722e-26 17073.69427024959 0.016083866842396204 0
8 "C II" 903.962 2 13.027222466210528 -220.0151337918172 11.331384592287355 1006 1054 4.4430707010228484e-27 22665.659756491794 0.030142641124745843 0
9 "C II" 903.962 2 14.982105036024311 -181.7687274924237 42.52071683796381 1054 1119 4.290831030960103e-26 12539.352026765175 0.0825368366074895 0
10 "C II" 903.962 2 15.291535410426109 -50.37702537409814 47.714001234460156 1202 1235 4.7282769416296796e-26 12421.300213500193 0.18520161991931747 0
11 "C II" 903.962 2 14.540860714392396 150.1825363357499 35.56373090747809 1246 1275 2.3117982504381976e-26 19645.691142176485 0.09430164661124983 0
12 "C II" 903.962 2 13.430373591784459 173.77398104899353 4.84046868432729 1298 1302 1.3636207109523864e-26 29498.88503134262 0.09234823446967616 0
13 "C II" 903.962 2 15.451846607856695 197.5779436563422 9.548174684332928 1303 1336 7.443232878463849e-26 10199.300474023228 0.0851504097251908 0
14 "C II" 903.962 2 13.740087872853133 224.36429489884398 3.934653510224193 1353 1379 1.575545137281642e-26 15806.185778074372 0.04139154896809694 0
15 "C II" 903.962 2 15.74073723653298 248.95400367004993 11.321834376544567 1388 1442 3.9954204764405075e-25 10002.808835944168 0.025060527833766964 0
16 "C II" 903.962 2 13.960008785446346 -14.26073439655378 8.01367047804196 213 251 1.8477452607501717e-26 14623.968849911746 0.021172540124090096 1
17 "C II" 903.962 2 13.118634902621405 -45.74853188968497 7.639076794241104 346 358 1.1401919278863237e-26 24064.48234332309 0.02159892632172183 1
18 "C II" 903.962 2 13.232085314898768 -70.36901554159668 7.827537028453981 390 425 8.864327690470098e-27 18867.476230621454 0.01586351012003381 1
19 "C II" 903.962 2 13.198570860839347 -80.22443863917243 3.9925249489854004 442 489 6.959238246960222e-27 18301.019697135944 0.01410492782544635 1
20 "C II" 903.962 2 13.084319898636961 -112.93076968311087 12.801093039369695 517 553 7.45245221789632e-27 20443.45112130267 0.023370417101830604 1
21 "C II" 903.962 2 15.613904475020966 -69.97733702398622 29.903809648711913 596 727 3.8447920756466397e-26 11379.143918615111 0.12866950007734074 1
22 "C II" 903.962 2 13.194883492594004 -146.833027989641 5.8387649013604515 738 761 5.444014036895728e-27 17136.036988916323 0.07456968623903165 1
23 "C II" 903.962 2 16.222421326227817 13.574725104213547 152.65588178455363 826 901 2.259851005119315e-25 9757.905219830704 0.110092379457248 1
24 "C II" 903.962 2 18.85379596912671 286.9024954185367 40.717319967630615 907 983 2.8371419568019715e-23 309.49878645892113 0.7379849030343159 1
25 "C II" 903.962 2 13.052515494447416 179.91440437667654 12.72460348066068 1000 1010 2.5211298305681664e-27 58739.92258753228 0.19753101150456373 1
26 "C II" 903.962 2 14.111332964183353 125.87918255096383 13.112259115138606 1104 1134 6.318516299559023e-27 11197.99463431146 0.30947724160395723 1
27 "C II" 903.962 2 13.172766511266106 72.80951231029643 10.107488284193789 1150 1161 2.0463851510359838e-27 47691.576425243824 0.4235645015160933 1
28 "C II" 903.962 2 13.243239602773318 42.68472999524796 5.01171041601872 1243 1250 2.4918673043382807e-27 57631.31160416876 0.4450258843836668 1
29 "C II" 903.962 2 13.626578174298167 195.49977724928803 10.217087009145557 1467 1475 1.219492885661818e-26 32617.70624284827 0.09926804105296098 1
30 "C II" 903.962 2 13.505105079895293 257.0928665706655 13.844747874946114 1552 1562 4.843579600122607e-27 32847.55041987564 0.28322081799665494 1
31 "C II" 903.962 2 15.631862519212467 -241.48117360790042 10.661966026492964 271 313 9.058012974432e-26 10194.819659500117 0.08272768304807682 2
32 "C II" 903.962 2 14.25061725546672 -267.8237578810376 7.856733201523913 320 340 1.8464524419658024e-26 12546.530716655774 0.08918303529414788 2
33 "C II" 903.962 2 15.81283342586781 -285.0969398951541 10.086353603240283 340 413 6.03509579937719e-26 10639.136616551543 0.11726782740867453 2
34 "C II" 903.962 2 13.302450988143175 -249.17243374288404 14.371293348539854 448 453 8.375965280940457e-27 35568.95845170993 0.07126236740752173 2
35 "C II" 903.962 2 14.00915592927567 -69.71821938848697 10.311523146484847 460 474 1.355625689913437e-26 23569.206157078846 0.10662574530103908 2
36 "C II" 903.962 2 13.110489439026285 -102.27650515124279 6.130747288773723 486 490 5.8065991989229835e-27 48120.417741483056 0.14540790012035507 2
37 "C II" 903.962 2 15.863843131118932 -105.57303919904047 9.121317672299961 542 554 1.1048510841445039e-25 9420.16748035256 0.21811176409740599 2
38 "C II" 903.962 2 13.223379337561566 -178.0450144587612  555 556 1.190928558011355e-26 19550.113180139215 0.18937758420332115 2
39 "C II" 903.962 2 13.337856641289802 -325.66183205710814 3.587129109351071 618 626 4.938843940493646e-27 20780.832691575164 0.2700085006643213 2
40 "C II" 903.962 2 13.769928256615245 41.996521347339126 3.35079575686476 775 800 1.9059640269650844e-26 15858.334309402137 0.02202702788517333 2
41 "C II" 903.962 2 14.150916251963825 99.20001216258106 15.480779490352399 341 351 2.2605960266364843e-26 17052.51253369989 0.12974107330437706 3
42 "C II" 903.962 2 15.877050548369072 104.38762437547504 25.564095181445325 401 488 1.0654663815264561e-25 10386.869479333684 0.07040900882432441 3
43 "C II" 903.962 2 14.58104547972429 154.5155606607184 19.2005452851016 488 537 2.0004530190486224e-26 13675.842803553636 0.07739660155703654 3
44 "C II" 903.962 2 13.107287038668254 92.60247570622091 36.4732112128818 592 602 8.107215903379478e-27 18712.436169631066 0.05193171022268776 3
45 "C II" 903.962 2 13.738178163022031 262.1296420855754 4.132351723492073 686 700 1.1244206108573456e-26 21532.626395353982 0.09276131857705723 3
