 name wave redshift col_dens delta_v vel_dispersion interval_start interval_end density temperature metallicity lightray_index
0 "O VI" 1031.912 2 13.321526972424769 -131.58791993845162 49.695308044677276 0 52 1.5011173938297127e-27 519769.8176892225 0.05567181308944934 0
1 "O VI" 1031.912 2 13.985662916360347 -115.16709993136013 10.321254918619731 112 118 6.498003199460344e-27 472768.35487121297 0.3333480338193328 0
2 "O VI" 1031.912 2 13.645359131955782 -78.34869883066263 6.117307135531337 119 122 7.564674764923075e-27 371204.73162930686 0.3364273434959957 0
3 "O VI" 1031.912 2 14.366012729058646 -44.8690302375171 40.625175466125185 191 320 4.376856731378682e-27 279800.04810613795 0.2866125995409993 0
4 "O VI" 1031.912 2 13.076836088522292 -86.08458489953574 64.78163616819808 347 498 3.6899001857322815e-27 15990.322223643754 0.10111000907786785 0
5 "O VI" 1031.912 2 12.934729268021439 -115.94758621387713 20.917415192005173 631 672 1.0964506095565924e-27 72374.65300702945 0.02464328437687033 0
6 "O VI" 1031.912 2 13.105103244558077 34.75094887442063 18.453964642722156 675 680 3.5690496924172673e-28 365518.0610731202 0.13282825646547966 0
7 "O VI" 1031.912 2 12.85629822372754 -142.3677860839492 6.886003933497471 833 844 1.8485421379131516e-27 72672.98004584468 0.032161194624548396 0
8 "O VI" 1031.912 2 13.180117472570254 -127.0685624553149 33.07060034738463 870 905 1.8561466562375763e-27 149969.12515133288 0.06792313927392818 0
9 "O VI" 1031.912 2 13.755052637338824 -185.88571838025337 10.305064682354129 905 1024 2.3199548032144673e-27 71959.31995671026 0.047466341594488384 0
10 "O VI" 1031.912 2 13.593039067858058 -12.847402246314072 82.4024233838885 1119 1220 2.5068580502056098e-27 11261.8601868786 0.16941804598893198 0
11 "O VI" 1031.912 2 14.054849549306095 103.6207385112078 30.03318133313443 1232 1247 6.77128560149382e-27 179851.4714158806 0.15338495406560063 0
12 "O VI" 1031.912 2 13.09146837966407 181.28596173472386 29.08788824610331 1269 1300 4.521529757958384e-27 59384.43028618334 0.10529052258307009 0
13 "O VI" 1031.912 2 12.859632906843832 179.52057971257412 24.435269564226555 1333 1365 6.3889691793899e-27 30218.167821390645 0.057537025346588375 0
14 "O VI" 1031.912 2 12.865650920051833 39.76209093956678 74.9918050096629 1470 1482 1.6383458018212892e-27 326455.825785414 0.32619184812303137 0
15 "O VI" 1031.912 2 13.334280624152225 -3.5325261669155275 26.577965991268798 1663 1710 2.4387038802047505e-28 833505.1021776868 0.23341267975966068 0
16 "O VI" 1031.912 2 13.436540146851392 69.8051584992798 24.2860428076335 1767 1789 4.057408307688659e-28 98556.4833794235 0.039492171377578926 0
17 "O VI" 1031.912 2 13.07827341682929 15.522050698457166 18.828585860009163 1 11 5.048283989869654e-29 404252.8253101483 0.4661114414177121 1
18 "O VI" 1031.912 2 12.876662962536676 38.31485559173404 12.991731395083475 15 33 9.290435386687673e-29 731220.464813337 0.4326666419320841 1
19 "O VI" 1031.912 2 12.94325120759326 53.05209202172695 13.023221732046606 110 171 3.703477102622214e-27 202504.50441960982 0.04639529147324199 1
20 "O VI" 1031.912 2 13.093081879098692 31.343729054889486 20.593833080079907 174 211 3.423263032180441e-27 57139.28098758048 0.03294689477442931 1
21 "O VI" 1031.912 2 12.89346778286687 -69.54551602628058 15.983627584639898 536 600 3.068463889403071e-27 14204.316091484126 0.05510908866885996 1
22 "O VI" 1031.912 2 13.174510641035395 -165.5969943745681 22.59224102080545 723 832 3.887991199950474e-27 16366.143814402436 0.06845687248730288 1
23 "O VI" 1031.912 2 12.940255891896628 202.8011734492931 84.02615443599352 898 911 6.040244436067138e-27 19478.766964396626 0.4167979878017865 1
24 "O VI" 1031.912 2 14.263336776666593 174.28493448444422 48.42438895506552 982 1027 4.0159269257483215e-27 141589.66131522044 0.32014183220797704 1
25 "O VI" 1031.912 2 13.454839732215442 70.65668650475206 50.52457857632541 1100 1165 5.558454565258841e-27 26962.49753264658 0.3230423006305896 1
26 "O VI" 1031.912 2 13.80866687136953 -64.02756694124534 39.15640329261966 1187 1226 8.752341916264528e-28 344858.5740715166 0.39611724431491924 1
27 "O VI" 1031.912 2 13.153913991662305 36.028543453414784 23.483818702885426 1239 1257 1.9332871271558914e-27 155437.37728628682 0.4490592324530506 1
28 "O VI" 1031.912 2 13.548403685806658 123.48018495278507 16.882729851655746 1412 1437 1.9673086389463056e-27 640635.5091929117 0.2004625235767157 1
29 "O VI" 1031.912 2 13.047228815943935 173.07939766003508 6.927112838951311 1462 1470 6.305448249212282e-27 193517.8612811454 0.12935908821518996 1
30 "O VI" 1031.912 2 12.981677449163652 79.1914958327875 72.4456492665324 1473 1521 1.2349674513044709e-27 661190.2983064235 0.23382958589193054 1
31 "O VI" 1031.912 2 14.03104120227436 154.04070533975207 45.31997606403999 1546 1565 4.891572030095472e-27 198696.19862306552 0.2825679832238339 1
32 "O VI" 1031.912 2 13.10002620215695 77.65803774169322 21.199240017814905 1619 1639 3.6258378088501008e-28 400985.78316228057 0.30526087602625546 1
33 "O VI" 1031.912 2 12.927460476103535 181.75349365468813 3.799138168906434 1796 1841 3.736965090947102e-28 222933.52209264168 0.0053737633171088055 1
34 "O VI" 1031.912 2 12.919768539687832 123.26844464091738 18.556184041183716 1843 1857 1.0230387089606479e-27 284718.0166285965 0.0034121634283601062 1
35 "O VI" 1031.912 2 12.853222826270082 -205.9388468894937 3.5887036360484124 0 11 5.55747589521526e-29 303844.28436549974 0.07617904575543585 2
36 "O VI" 1031.912 2 13.173642762663366 -222.17051887447448 9.841005183514357 453 456 2.5622818555120483e-27 526420.3665137687 0.14458863676932324 2
37 "O VI" 1031.912 2 13.00401386967421 -122.2838247107147 15.772605314495987 468 493 4.728408583558061e-27 69440.62055523138 0.12799748109260461 2
38 "O VI" 1031.912 2 13.627169920386383 -250.38129553432296 49.30568262127441 556 580 1.745936022274478e-27 290589.7439446982 0.21122293789890345 2
39 "O VI" 1031.912 2 13.252296822108764 -367.4534219804913 24.424554043372762 616 638 3.98370104690589e-27 42605.93712364519 0.271959573520695 2
40 "O VI" 1031.912 2 14.348828964069396 -280.2121836648128 4.868892600717049 643 656 8.633354375977738e-28 385367.6165646933 0.9729725001018632 2
41 "O VI" 1031.912 2 13.704576364988979 35.38755989874497 9.027845751420646 0 19 3.5116303363518322e-28 51838.90317129221 0.023394466098376875 3
42 "O VI" 1031.912 2 14.30942894785599 251.03714829324298 28.75079496780748 118 229 3.8339242140320687e-28 159452.56612138415 0.4918730307130917 3
43 "O VI" 1031.912 2 14.229093156951889 253.39160586482842 59.31475535741029 240 343 1.6153886397721159e-27 70515.00951059109 0.24981705423780556 3
44 "O VI" 1031.912 2 13.57054109614397 119.91757261384636 22.024630151678494 348 405 3.6980650050898064e-27 23235.145422949496 0.17119966507460246 3
45 "O VI" 1031.912 2 13.823322301762667 262.23679447423586 15.889231847766322 613 681 7.967605670264803e-28 239941.05046464206 0.12753639387499643 3
46 "O VI" 1031.912 2 14.397046623859474 150.34455256316818 53.52293378552435 746 899 4.824261712518682e-28 226179.9900532182 0.25275583457780126 3
