 name wave redshift col_dens delta_v vel_dispersion interval_start interval_end density temperature metallicity lightray_index
0 "C IV" 1548.187 2 13.706351565873916 -131.16401453679103 59.15911866214093 42 95 1.5546851511160668e-25 10304.65188775645 0.1385398376684676 0
1 "C IV" 1548.187 2 13.829375333187807 -69.05905224965171 4.567322275185802 124 127 2.7985420456567414e-26 72039.73542000669 0.24946928746772956 0
2 "C IV" 1548.187 2 14.292608606660291 -15.28984886512544 88.75150658125514 134 142 1.6780906510305567e-25 13485.813780526994 0.2808831569660533 0
3 "C IV" 1548.187 2 14.973171740347132 -91.89297231970478 74.47433854706979 211 598 1.8019924246690584e-26 14323.345605206596 0.17382962846972988 0
4 "C IV" 1548.187 2 13.303430054438307 -80.56221965601787 14.792426033754907 615 657 2.865633675209609e-27 41449.570423553945 0.02265176447295931 0
5 "C IV" 1548.187 2 13.411260819194377 -105.83837285895311 41.40679727836652 727 774 1.5319446101722175e-26 18457.198797533812 0.016698611225037636 0
6 "C IV" 1548.187 2 13.139699075430398 -162.50233310653147 8.668214639575755 896 916 2.0304267433048355e-27 75041.31080702113 0.044505347926057245 0
7 "C IV" 1548.187 2 14.843265854796025 -111.21458177694154 105.04459636864522 964 1238 3.6569544163655614e-26 15588.435587675363 0.11534590121392074 0
8 "C IV" 1548.187 2 13.94935376988799 132.09939214677283 48.916397743060564 1242 1282 2.2365712552774935e-26 26596.386049764318 0.09595135449283375 0
9 "C IV" 1548.187 2 13.867308425584447 183.13275055436452 23.8314392194904 1295 1338 7.24400430507967e-26 11240.69548733119 0.08551951610780219 0
10 "C IV" 1548.187 2 13.69329260871749 223.57244342057402 7.920671286323439 1350 1382 1.509785645848193e-26 23618.991019382287 0.04606007593794266 0
11 "C IV" 1548.187 2 13.633311742328297 230.28959050996846 15.761629979067804 1408 1442 4.573129617951669e-26 17351.324398337496 0.03390840544209793 0
12 "C IV" 1548.187 2 13.131222923198097 31.6063939293903 5.629469861357708 162 174 4.848944850176929e-27 57876.93006642 0.027832169443381634 1
13 "C IV" 1548.187 2 13.21122803242061 14.168117407990612 4.47118673410915 178 208 3.591929353903497e-27 41403.69857422478 0.029749583947858566 1
14 "C IV" 1548.187 2 13.403758459575393 -14.338505615229828 13.842059006699472 208 253 1.8059018646808273e-26 14765.359306146152 0.020904636030443086 1
15 "C IV" 1548.187 2 13.318330896209394 -70.19180490589649 8.03716258691279 390 425 8.864327690470098e-27 18867.476230621454 0.01586351012003381 1
16 "C IV" 1548.187 2 14.965506508876592 -117.05777137262679 50.57981076052298 442 873 2.5794549477167313e-26 13712.02478035003 0.09069677428678903 1
17 "C IV" 1548.187 2 13.148039388603229 79.6654112544647 93.19749737806471 881 892 1.7765355365495088e-25 9239.032340053034 0.12135720273771304 1
18 "C IV" 1548.187 2 14.215796268340064 169.63739573220997 78.85052945223681 892 922 5.739503043285092e-25 3988.3091259754474 0.8481535945453138 1
19 "C IV" 1548.187 2 13.70621457438994 225.01278431836352 17.512666198816696 934 937 1.8374956563584403e-25 5940.237673517229 1.0095713054770827 1
20 "C IV" 1548.187 2 13.557353623088519 318.8109300762441 7.381924737505075 973 986 2.7311442480391977e-25 8740.601499749237 0.2082329302551378 1
21 "C IV" 1548.187 2 13.620670229246999 219.7667948940102 31.389598475334225 986 999 4.194521045546005e-27 180460.56576940202 0.448279230415055 1
22 "C IV" 1548.187 2 13.558423234307881 177.2505405504467 15.801506776286455 1000 1011 2.516518553998428e-27 58918.96058189509 0.19745545196980366 1
23 "C IV" 1548.187 2 14.569106690714705 119.69121814000388 16.044367226859045 1102 1138 6.1161572928474134e-27 14650.539012753821 0.307768377445903 1
24 "C IV" 1548.187 2 13.855941397139075 70.87340848700715 13.95203976322902 1148 1162 1.93470234603505e-27 51602.11079427322 0.4248188804269279 1
25 "C IV" 1548.187 2 13.543594361950099 -45.24254756969298 10.526173554868485 1197 1207 1.429425510228553e-27 117319.01538205487 0.3518376519365673 1
26 "C IV" 1548.187 2 13.72035438194657 43.37026618866437 7.544823461081908 1242 1252 2.1723249575266557e-27 76577.1959671034 0.4451760374076283 1
27 "C IV" 1548.187 2 13.461769879833223 191.62179645201132 13.846686334570956 1467 1475 1.219492885661818e-26 32617.70624284827 0.09926804105296098 1
28 "C IV" 1548.187 2 13.911560538770946 246.93787413936386 22.690338268566272 1550 1564 4.860950002152359e-27 51434.99079691277 0.28628295521282165 1
29 "C IV" 1548.187 2 13.960696291833278 -218.45401176488022 12.602806418066711 265 296 2.812861054480879e-26 11949.824983257977 0.07667816189328516 2
30 "C IV" 1548.187 2 14.578871559197959 -277.00040603374686 13.69035512460843 301 407 5.614131507285473e-26 10794.867702664458 0.11465964349727553 2
31 "C IV" 1548.187 2 13.419529065367385 -272.67131857061247 19.95233309191995 439 453 6.895951542810961e-27 37683.833104651385 0.07502293543953245 2
32 "C IV" 1548.187 2 13.815648760189685 -78.87232622919153 12.78008770113103 460 479 1.2807556626061274e-26 26895.713671929447 0.10782386900691115 2
33 "C IV" 1548.187 2 13.102444636259237 -107.35337443811592 7.113438517119217 486 491 5.127472510123643e-27 61730.51266820093 0.14965461805513353 2
34 "C IV" 1548.187 2 13.83186366265475 -138.3093835446344 31.537359461692965 542 558 1.0812942797184116e-25 10253.603358446595 0.2175069336195511 2
35 "C IV" 1548.187 2 13.996017908867675 -328.9265268719939 9.130572456838092 617 630 4.3062427436186456e-27 29509.196396794196 0.27072016124073256 2
36 "C IV" 1548.187 2 13.07149819012304 39.443048921141 8.130233636877403 774 786 1.4132224516462253e-26 21676.508999829126 0.02198501234218804 2
37 "C IV" 1548.187 2 13.332626013018766 36.315783000409915 8.027945910038921 790 803 1.1688684703199926e-26 18255.956843425894 0.03598626674700585 2
38 "C IV" 1548.187 2 13.156841508717806 40.22980380751977 6.633788703576426 4 15 3.560350777989589e-28 49540.59241115984 0.02525968228735825 3
39 "C IV" 1548.187 2 13.962547369264206 218.0707326132212 6.901185956759135 202 222 6.153201871955344e-28 67826.21207943239 0.45671339408314804 3
40 "C IV" 1548.187 2 13.228938265230319 265.4875914892828 5.282285152155666 260 265 4.496705948753548e-28 81947.35252376675 0.45434995351722973 3
41 "C IV" 1548.187 2 14.055483894224668 185.45758829710195 22.666977032109777 268 322 6.807511710451251e-28 12214.42232446856 0.18823488991809872 3
42 "C IV" 1548.187 2 13.891603092998567 138.52854797817213 30.208871157217267 339 368 1.9990567166754293e-26 20738.218574063096 0.13813569321149688 3
43 "C IV" 1548.187 2 14.620687870342437 117.13156084590268 60.987163595173236 379 605 9.292599951210686e-26 11353.912647934878 0.07090005312415096 3
44 "C IV" 1548.187 2 13.59717937122019 262.227159611895 7.468286829349688 685 703 1.0998222989185352e-26 22888.95438679835 0.09208626821434551 3
45 "C IV" 1548.187 2 13.381551696492902 190.00185276026747 13.537723046239627 804 848 5.66537392978551e-28 114053.55101931198 0.2059148727181829 3
