 name wave redshift col_dens delta_v vel_dispersion interval_start interval_end density temperature metallicity lightray_index
0 "O VI" 1031.912 2 13.50166711764009 -131.58791993845165 49.69530804467728 0 52 1.5011173938297127e-27 519769.8176892225 0.05567181308944934 0
1 "O VI" 1031.912 2 14.16580306157567 -115.16709993136013 10.32125491861973 112 118 6.498003199460344e-27 472768.35487121297 0.3333480338193328 0
2 "O VI" 1031.912 2 13.825499277171104 -78.3486988306626 6.1173071355313215 119 122 7.564674764923075e-27 371204.73162930686 0.3364273434959957 0
3 "O VI" 1031.912 2 12.863407902089895 -75.27007322619899 3.7784671331315307 123 126 1.60056627598569e-26 137837.395315043 0.2641166600509847 0
4 "O VI" 1031.912 2 14.546152874273968 -44.86903023751711 40.625175466125185 191 320 4.376856731378682e-27 279800.04810613795 0.2866125995409993 0
5 "O VI" 1031.912 2 13.256976233737614 -86.08458489953573 64.78163616819808 347 498 3.6899001857322815e-27 15990.322223643754 0.10111000907786785 0
6 "O VI" 1031.912 2 13.114869413236761 -115.94758621387712 20.917415192005173 631 672 1.0964506095565924e-27 72374.65300702945 0.02464328437687033 0
7 "O VI" 1031.912 2 13.285243389773399 34.750948874420644 18.453964642722156 675 680 3.5690496924172673e-28 365518.0610731202 0.13282825646547966 0
8 "O VI" 1031.912 2 13.036438368942862 -142.36778608394926 6.886003933497472 833 844 1.8485421379131516e-27 72672.98004584468 0.032161194624548396 0
9 "O VI" 1031.912 2 13.360257617785576 -127.06856245531488 33.07060034738462 870 905 1.8561466562375763e-27 149969.12515133288 0.06792313927392818 0
10 "O VI" 1031.912 2 13.935192782554147 -185.88571838025334 10.305064682354129 905 1024 2.3199548032144673e-27 71959.31995671026 0.047466341594488384 0
11 "O VI" 1031.912 2 13.77317921307338 -12.847402246314067 82.40242338388849 1119 1220 2.5068580502056098e-27 11261.8601868786 0.16941804598893198 0
12 "O VI" 1031.912 2 14.234989694521417 103.6207385112078 30.03318133313443 1232 1247 6.77128560149382e-27 179851.4714158806 0.15338495406560063 0
13 "O VI" 1031.912 2 13.271608524879392 181.28596173472383 29.087888246103308 1269 1300 4.521529757958384e-27 59384.43028618334 0.10529052258307009 0
14 "O VI" 1031.912 2 13.039773052059154 179.5205797125741 24.435269564226555 1333 1365 6.3889691793899e-27 30218.167821390645 0.057537025346588375 0
15 "O VI" 1031.912 2 12.961666956793646 176.60136624150473 34.87061571760704 1372 1380 4.657569066413621e-27 41779.50688977555 0.06478238839238588 0
16 "O VI" 1031.912 2 13.045791065267155 39.76209093956676 74.99180500966287 1470 1482 1.6383458018212892e-27 326455.825785414 0.32619184812303137 0
17 "O VI" 1031.912 2 13.514420769367547 -3.532526166915529 26.5779659912688 1663 1710 2.4387038802047505e-28 833505.1021776868 0.23341267975966068 0
18 "O VI" 1031.912 2 13.616680292066714 69.8051584992798 24.286042807633503 1767 1789 4.057408307688659e-28 98556.4833794235 0.039492171377578926 0
19 "O VI" 1031.912 2 13.258413562044614 15.522050698457162 18.828585860009163 1 11 5.048283989869654e-29 404252.8253101483 0.4661114414177121 1
20 "O VI" 1031.912 2 13.056803107751998 38.31485559173403 12.991731395083475 15 33 9.290435386687673e-29 731220.464813337 0.4326666419320841 1
21 "O VI" 1031.912 2 12.818651715624412 47.262464238594006 18.272846612109998 33 91 1.5481743787377566e-28 1048247.1309351274 0.2651167926435316 1
22 "O VI" 1031.912 2 13.123391352808582 53.05209202172694 13.023221732046606 110 171 3.703477102622214e-27 202504.50441960982 0.04639529147324199 1
23 "O VI" 1031.912 2 13.273222024314014 31.343729054889494 20.593833080079914 174 211 3.423263032180441e-27 57139.28098758048 0.03294689477442931 1
24 "O VI" 1031.912 2 12.92711598805036 -14.159649340812974 6.014572517207178 249 269 3.158772357018276e-27 101374.29455929754 0.03426602165208526 1
25 "O VI" 1031.912 2 13.073607928082192 -69.54551602628058 15.9836275846399 536 600 3.068463889403071e-27 14204.316091484126 0.05510908866885996 1
26 "O VI" 1031.912 2 13.354650786250717 -165.59699437456806 22.592241020805446 723 832 3.887991199950474e-27 16366.143814402436 0.06845687248730288 1
27 "O VI" 1031.912 2 13.12039603711195 202.80117344929306 84.02615443599352 898 911 6.040244436067138e-27 19478.766964396626 0.4167979878017865 1
28 "O VI" 1031.912 2 14.443476921881915 174.28493448444425 48.42438895506551 982 1027 4.0159269257483215e-27 141589.66131522044 0.32014183220797704 1
29 "O VI" 1031.912 2 13.634979877430764 70.65668650475206 50.524578576325425 1100 1165 5.558454565258841e-27 26962.49753264658 0.3230423006305896 1
30 "O VI" 1031.912 2 13.988807016584852 -64.02756694124534 39.15640329261967 1187 1226 8.752341916264528e-28 344858.5740715166 0.39611724431491924 1
31 "O VI" 1031.912 2 13.334054136877628 36.02854345341479 23.48381870288543 1239 1257 1.9332871271558914e-27 155437.37728628682 0.4490592324530506 1
32 "O VI" 1031.912 2 13.728543831021982 123.4801849527851 16.88272985165575 1412 1437 1.9673086389463056e-27 640635.5091929117 0.2004625235767157 1
33 "O VI" 1031.912 2 13.227368961159257 173.07939766003503 6.927112838951314 1462 1470 6.305448249212282e-27 193517.8612811454 0.12935908821518996 1
34 "O VI" 1031.912 2 13.161817594378974 79.1914958327875 72.44564926653241 1473 1521 1.2349674513044709e-27 661190.2983064235 0.23382958589193054 1
35 "O VI" 1031.912 2 14.211181347489681 154.04070533975207 45.31997606403999 1546 1565 4.891572030095472e-27 198696.19862306552 0.2825679832238339 1
36 "O VI" 1031.912 2 13.280166347372273 77.65803774169325 21.19924001781491 1619 1639 3.6258378088501008e-28 400985.78316228057 0.30526087602625546 1
37 "O VI" 1031.912 2 13.107600621318857 181.7534936546881 3.799138168906434 1796 1841 3.736965090947102e-28 222933.52209264168 0.0053737633171088055 1
38 "O VI" 1031.912 2 13.099908684903154 123.2684446409174 18.556184041183716 1843 1857 1.0230387089606479e-27 284718.0166285965 0.0034121634283601062 1
39 "O VI" 1031.912 2 13.033362971485404 -205.93884688949373 3.5887036360484124 0 11 5.55747589521526e-29 303844.28436549974 0.07617904575543585 2
40 "O VI" 1031.912 2 13.000140536662693 -189.5591386752479 16.738741518154313 75 137 1.0908093077628948e-28 818218.4969715574 0.272812803122864 2
41 "O VI" 1031.912 2 12.888030180908924 -250.83832673550882 23.290779215797315 262 275 6.810325758268512e-27 27548.622007363898 0.12063949052204623 2
42 "O VI" 1031.912 2 13.466524018135507 -219.75487905829587 27.790594125798062 433 456 6.099695508373512e-27 89720.7086452875 0.08432109186347835 2
43 "O VI" 1031.912 2 13.200611478298672 -122.51984781905226 19.36761628160428 463 504 6.88216374328608e-27 62127.727317339246 0.12167398682582642 2
44 "O VI" 1031.912 2 13.810032534623728 -250.28330840604298 49.799257436216855 554 585 6.493371397328434e-27 164307.1357350148 0.2034674831195544 2
45 "O VI" 1031.912 2 13.434432415943927 -367.4411057463694 24.369192308802273 616 640 3.9489405465779675e-27 51442.97911014807 0.2733042961915923 2
46 "O VI" 1031.912 2 14.529909120412446 -280.5007973261379 9.091305568234029 643 661 7.795927777615301e-28 479302.34756849677 0.9634997384748223 2
47 "O VI" 1031.912 2 12.82559479135423 -8.1186089905879 29.304407268312367 799 832 3.1501034642668383e-27 316210.80255384225 0.06620834635369345 2
48 "O VI" 1031.912 2 13.884716510204301 35.38755989874497 9.027845751420644 0 19 3.5116303363518322e-28 51838.90317129221 0.023394466098376875 3
49 "O VI" 1031.912 2 12.974499617452704 299.78118708265146 5.15663899159082 95 106 8.424895026738852e-29 491912.46935398347 0.5816940819875852 3
50 "O VI" 1031.912 2 14.489569093071312 251.0371482932431 28.750794967807483 118 229 3.8339242140320687e-28 159452.56612138415 0.4918730307130917 3
51 "O VI" 1031.912 2 14.40923330216721 253.39160586482853 59.3147553574103 240 343 1.6153886397721159e-27 70515.00951059109 0.24981705423780556 3
52 "O VI" 1031.912 2 13.750681241359292 119.91757261384635 22.024630151678497 348 405 3.6980650050898064e-27 23235.145422949496 0.17119966507460246 3
53 "O VI" 1031.912 2 12.961795211242583 -11.565418222827631 6.408184207881823 541 592 1.8716625547623864e-27 34649.46916345341 0.061926426109742035 3
54 "O VI" 1031.912 2 14.00346244697799 262.23679447423586 15.889231847766322 613 681 7.967605670264803e-28 239941.05046464206 0.12753639387499643 3
55 "O VI" 1031.912 2 14.577186769074796 150.3445525631682 53.52293378552435 746 899 4.824261712518682e-28 226179.9900532182 0.25275583457780126 3
