 name wave redshift col_dens delta_v vel_dispersion interval_start interval_end density temperature metallicity lightray_index
0 "C IV" 1548.187 2 14.067271905222531 -131.1640145367911 59.159118662140926 42 95 1.5546851511160668e-25 10304.65188775645 0.1385398376684676 0
1 "C IV" 1548.187 2 13.254692464266972 -96.9697005466385 13.675413319387502 113 118 6.557103190975546e-27 458144.1100708263 0.33112701979675024 0
2 "C IV" 1548.187 2 13.229125937741928 -82.96302859440387 4.388471020810066 118 120 3.163283702389755e-26 52166.18052236911 0.24183788553603028 0
3 "C IV" 1548.187 2 13.223675198173995 -73.6126561013442 5.356097668337224 121 123 2.653027039434265e-26 88839.55096464964 0.26543123414365055 0
4 "C IV" 1548.187 2 14.190295672536422 -69.05905224965171 4.567322275185802 124 127 2.7985420456567414e-26 72039.73542000669 0.24946928746772956 0
5 "C IV" 1548.187 2 14.653528946008906 -15.28984886512544 88.75150658125509 134 142 1.6780906510305567e-25 13485.813780526994 0.2808831569660533 0
6 "C IV" 1548.187 2 15.334092079695747 -91.89297231970477 74.4743385470698 211 598 1.8019924246690584e-26 14323.345605206596 0.17382962846972988 0
7 "C IV" 1548.187 2 13.664350393786922 -80.56221965601787 14.792426033754905 615 657 2.865633675209609e-27 41449.570423553945 0.02265176447295931 0
8 "C IV" 1548.187 2 13.772181158542992 -105.83837285895314 41.40679727836653 727 774 1.5319446101722175e-26 18457.198797533812 0.016698611225037636 0
9 "C IV" 1548.187 2 13.162363343833562 -150.83411272333956 3.838568357098589 837 841 2.214692903448138e-27 43194.637637642365 0.025783062786926297 0
10 "C IV" 1548.187 2 13.500619414779013 -162.50233310653147 8.668214639575753 896 916 2.0304267433048355e-27 75041.31080702113 0.044505347926057245 0
11 "C IV" 1548.187 2 15.20418619414464 -111.21458177694156 105.0445963686452 964 1238 3.6569544163655614e-26 15588.435587675363 0.11534590121392074 0
12 "C IV" 1548.187 2 14.310274109236605 132.09939214677286 48.916397743060564 1242 1282 2.2365712552774935e-26 26596.386049764318 0.09595135449283375 0
13 "C IV" 1548.187 2 14.228228764933062 183.1327505543645 23.831439219490395 1295 1338 7.24400430507967e-26 11240.69548733119 0.08551951610780219 0
14 "C IV" 1548.187 2 14.054212948066105 223.57244342057405 7.920671286323439 1350 1382 1.509785645848193e-26 23618.991019382287 0.04606007593794266 0
15 "C IV" 1548.187 2 13.994232081676913 230.28959050996852 15.761629979067806 1408 1442 4.573129617951669e-26 17351.324398337496 0.03390840544209793 0
16 "C IV" 1548.187 2 13.02712110275115 129.83067498063537  1473 1474 2.919916476326022e-27 138581.2201516434 0.2539562428640463 0
17 "C IV" 1548.187 2 13.173189774615492 101.03071173905857 3.4955690777641237 1783 1789 4.953066842001016e-28 56414.18282406558 0.017898956876924187 0
18 "C IV" 1548.187 2 13.492143262546712 31.6063939293903 5.629469861357709 162 174 4.848944850176929e-27 57876.93006642 0.027832169443381634 1
19 "C IV" 1548.187 2 13.572148371769226 14.168117407990614 4.471186734109151 178 208 3.591929353903497e-27 41403.69857422478 0.029749583947858566 1
20 "C IV" 1548.187 2 13.764678798924008 -14.338505615229824 13.842059006699474 208 253 1.8059018646808273e-26 14765.359306146152 0.020904636030443086 1
21 "C IV" 1548.187 2 13.340615581269738 -47.99695772224326 9.508224177676157 344 358 1.1009041866344047e-26 28131.859790141683 0.021848919726123663 1
22 "C IV" 1548.187 2 13.67925123555801 -70.1918049058965 8.037162586912793 390 425 8.864327690470098e-27 18867.476230621454 0.01586351012003381 1
23 "C IV" 1548.187 2 15.326426848225205 -117.05777137262679 50.579810760522996 442 873 2.5794549477167313e-26 13712.02478035003 0.09069677428678903 1
24 "C IV" 1548.187 2 13.508959727951844 79.66541125446469 93.1974973780647 881 892 1.7765355365495088e-25 9239.032340053034 0.12135720273771304 1
25 "C IV" 1548.187 2 14.57671660768868 169.63739573221 78.8505294522368 892 922 5.739503043285092e-25 3988.3091259754474 0.8481535945453138 1
26 "C IV" 1548.187 2 14.067134913738553 225.0127843183635 17.512666198816675 934 937 1.8374956563584403e-25 5940.237673517229 1.0095713054770827 1
27 "C IV" 1548.187 2 13.918273962437134 318.8109300762442 7.381924737505077 973 986 2.7311442480391977e-25 8740.601499749237 0.2082329302551378 1
28 "C IV" 1548.187 2 13.981590568595614 219.7667948940101 31.38959847533422 986 999 4.194521045546005e-27 180460.56576940202 0.448279230415055 1
29 "C IV" 1548.187 2 13.919343573656496 177.25054055044663 15.801506776286455 1000 1011 2.516518553998428e-27 58918.96058189509 0.19745545196980366 1
30 "C IV" 1548.187 2 14.93002703006332 119.69121814000393 16.04436722685905 1102 1138 6.1161572928474134e-27 14650.539012753821 0.307768377445903 1
31 "C IV" 1548.187 2 14.21686173648769 70.87340848700714 13.952039763229019 1148 1162 1.93470234603505e-27 51602.11079427322 0.4248188804269279 1
32 "C IV" 1548.187 2 13.904514701298714 -45.24254756969298 10.526173554868484 1197 1207 1.429425510228553e-27 117319.01538205487 0.3518376519365673 1
33 "C IV" 1548.187 2 14.081274721295186 43.37026618866437 7.544823461081908 1242 1252 2.1723249575266557e-27 76577.1959671034 0.4451760374076283 1
34 "C IV" 1548.187 2 13.822690219181839 191.62179645201135 13.846686334570956 1467 1475 1.219492885661818e-26 32617.70624284827 0.09926804105296098 1
35 "C IV" 1548.187 2 14.272480878119561 246.93787413936377 22.69033826856627 1550 1564 4.860950002152359e-27 51434.99079691277 0.28628295521282165 1
36 "C IV" 1548.187 2 14.323489871591503 -218.5115954046677 12.604940868805754 265 297 3.812197625688881e-26 11645.389087677873 0.0753260314921239 2
37 "C IV" 1548.187 2 14.950050115729166 -276.28597173527504 15.111251339844992 301 414 6.030688739346463e-26 10703.932072163809 0.111112427849761 2
38 "C IV" 1548.187 2 13.816100491378762 -270.4118530628929 21.163019171299982 436 453 6.577548820717838e-27 42355.15007923627 0.07677518628519871 2
39 "C IV" 1548.187 2 14.1765690995383 -78.87232622919154 12.78008770113103 460 479 1.2807556626061274e-26 26895.713671929447 0.10782386900691115 2
40 "C IV" 1548.187 2 13.504499284122025 -109.89139658093575 11.338896486492468 484 491 4.5070508560547946e-27 79071.146974549 0.15028583895786343 2
41 "C IV" 1548.187 2 14.192784002003366 -138.3093835446344 31.53735946169296 542 558 1.0812942797184116e-25 10253.603358446595 0.2175069336195511 2
42 "C IV" 1548.187 2 14.35693824821629 -328.9265268719939 9.130572456838095 617 630 4.3062427436186456e-27 29509.196396794196 0.27072016124073256 2
43 "C IV" 1548.187 2 13.14368294154219 -276.43481610218026 2.022533345014777 644 648 1.0839029693258594e-27 246898.89374581605 0.9758037807682834 2
44 "C IV" 1548.187 2 13.90135627656421 37.6000605541614 7.847841111676067 774 803 1.852017012643684e-26 17350.12189811613 0.023892802475224274 2
45 "C IV" 1548.187 2 13.51776184806642 40.22980380751978 6.633788703576426 4 15 3.560350777989589e-28 49540.59241115984 0.02525968228735825 3
46 "C IV" 1548.187 2 14.32346770861282 218.0707326132212 6.901185956759134 202 222 6.153201871955344e-28 67826.21207943239 0.45671339408314804 3
47 "C IV" 1548.187 2 13.106791614902138 306.1041226831386 2.7205065772475 247 255 2.06989248019578e-28 100590.67593535694 0.5327623213089243 3
48 "C IV" 1548.187 2 14.507798960554645 201.48786566611824 39.96304370564047 255 323 5.79371767402507e-28 38680.153590908645 0.26823159479267833 3
49 "C IV" 1548.187 2 15.056765942980295 120.50305483061958 57.6236355710368 339 605 9.084426963174393e-26 11625.822131702902 0.07282660394642597 3
50 "C IV" 1548.187 2 13.349915239884007 236.33634921533286 9.031638006856294 634 663 9.654436053998497e-28 178716.53204050343 0.13544086363305843 3
51 "C IV" 1548.187 2 13.958673087348728 262.21645981289504 7.468636714905518 685 704 1.0980063053395955e-26 22982.2043363057 0.09203586034227156 3
52 "C IV" 1548.187 2 13.572206463821798 377.6253764488065 22.977609074276838 722 764 9.394053242373732e-27 28128.738354283923 0.016764685286058807 3
53 "C IV" 1548.187 2 13.772834771657543 192.7522362153239 16.760200687305364 791 848 5.671311110408207e-28 126687.11337136631 0.2006761584200216 3
