 name wave redshift col_dens delta_v vel_dispersion interval_start interval_end density temperature metallicity lightray_index
0 "C IV" 1548.187 2 13.658251623625157 -131.16401453679103 59.15911866214092 42 95 1.5546851511160668e-25 10304.65188775645 0.1385398376684676 0
1 "C IV" 1548.187 2 13.781275390939047 -69.05905224965171 4.567322275185803 124 127 2.7985420456567414e-26 72039.73542000669 0.24946928746772956 0
2 "C IV" 1548.187 2 14.244508664411532 -15.289848865125443 88.75150658125507 134 142 1.6780906510305567e-25 13485.813780526994 0.2808831569660533 0
3 "C IV" 1548.187 2 14.925071798098372 -91.8929723197048 74.4743385470698 211 598 1.8019924246690584e-26 14323.345605206596 0.17382962846972988 0
4 "C IV" 1548.187 2 13.255330112189547 -80.56221965601786 14.792426033754905 615 657 2.865633675209609e-27 41449.570423553945 0.02265176447295931 0
5 "C IV" 1548.187 2 13.363160876945617 -105.83837285895314 41.40679727836653 727 774 1.5319446101722175e-26 18457.198797533812 0.016698611225037636 0
6 "C IV" 1548.187 2 13.091599133181639 -162.50233310653138 8.668214639575753 896 916 2.0304267433048355e-27 75041.31080702113 0.044505347926057245 0
7 "C IV" 1548.187 2 14.795165912547267 -111.21458177694154 105.0445963686452 964 1238 3.6569544163655614e-26 15588.435587675363 0.11534590121392074 0
8 "C IV" 1548.187 2 13.90125382763923 132.09939214677283 48.91639774306056 1242 1282 2.2365712552774935e-26 26596.386049764318 0.09595135449283375 0
9 "C IV" 1548.187 2 13.81920848333569 183.13275055436452 23.831439219490395 1295 1338 7.24400430507967e-26 11240.69548733119 0.08551951610780219 0
10 "C IV" 1548.187 2 13.64519266646873 223.57244342057405 7.92067128632344 1350 1382 1.509785645848193e-26 23618.991019382287 0.04606007593794266 0
11 "C IV" 1548.187 2 13.585211800079538 230.2895905099685 15.761629979067806 1408 1442 4.573129617951669e-26 17351.324398337496 0.03390840544209793 0
12 "C IV" 1548.187 2 13.083122980949337 31.606393929390293 5.629469861357709 162 174 4.848944850176929e-27 57876.93006642 0.027832169443381634 1
13 "C IV" 1548.187 2 13.16312809017185 14.16811740799061 4.47118673410915 178 208 3.591929353903497e-27 41403.69857422478 0.029749583947858566 1
14 "C IV" 1548.187 2 13.355658517326635 -14.338505615229824 13.84205900669947 208 253 1.8059018646808273e-26 14765.359306146152 0.020904636030443086 1
15 "C IV" 1548.187 2 13.270230953960635 -70.19180490589649 8.03716258691279 390 425 8.864327690470098e-27 18867.476230621454 0.01586351012003381 1
16 "C IV" 1548.187 2 14.917406566627832 -117.05777137262679 50.57981076052299 442 873 2.5794549477167313e-26 13712.02478035003 0.09069677428678903 1
17 "C IV" 1548.187 2 13.099939446354469 79.6654112544647 93.19749737806471 881 892 1.7765355365495088e-25 9239.032340053034 0.12135720273771304 1
18 "C IV" 1548.187 2 14.167696326091304 169.63739573220997 78.8505294522368 892 922 5.739503043285092e-25 3988.3091259754474 0.8481535945453138 1
19 "C IV" 1548.187 2 13.65811463214118 225.01278431836352 17.51266619881668 934 937 1.8374956563584403e-25 5940.237673517229 1.0095713054770827 1
20 "C IV" 1548.187 2 13.509253680839759 318.8109300762442 7.381924737505075 973 986 2.7311442480391977e-25 8740.601499749237 0.2082329302551378 1
21 "C IV" 1548.187 2 13.572570286998241 219.7667948940101 31.38959847533422 986 999 4.194521045546005e-27 180460.56576940202 0.448279230415055 1
22 "C IV" 1548.187 2 13.510323292059121 177.25054055044666 15.801506776286457 1000 1011 2.516518553998428e-27 58918.96058189509 0.19745545196980366 1
23 "C IV" 1548.187 2 14.521006748465945 119.6912181400039 16.04436722685905 1102 1138 6.1161572928474134e-27 14650.539012753821 0.307768377445903 1
24 "C IV" 1548.187 2 13.807841454890315 70.87340848700715 13.952039763229022 1148 1162 1.93470234603505e-27 51602.11079427322 0.4248188804269279 1
25 "C IV" 1548.187 2 13.49549441970134 -45.242547569692974 10.526173554868484 1197 1207 1.429425510228553e-27 117319.01538205487 0.3518376519365673 1
26 "C IV" 1548.187 2 13.672254439697811 43.37026618866437 7.544823461081909 1242 1252 2.1723249575266557e-27 76577.1959671034 0.4451760374076283 1
27 "C IV" 1548.187 2 13.413669937584464 191.62179645201135 13.846686334570958 1467 1475 1.219492885661818e-26 32617.70624284827 0.09926804105296098 1
28 "C IV" 1548.187 2 13.863460596522188 246.93787413936383 22.69033826856627 1550 1564 4.860950002152359e-27 51434.99079691277 0.28628295521282165 1
29 "C IV" 1548.187 2 13.912596349584518 -218.45401176488016 12.602806418066715 265 296 2.812861054480879e-26 11949.824983257977 0.07667816189328516 2
30 "C IV" 1548.187 2 14.530771616949199 -277.0004060337468 13.69035512460843 301 407 5.614131507285473e-26 10794.867702664458 0.11465964349727553 2
31 "C IV" 1548.187 2 13.371429123118626 -272.6713185706125 19.952333091919947 439 453 6.895951542810961e-27 37683.833104651385 0.07502293543953245 2
32 "C IV" 1548.187 2 13.767548817940925 -78.87232622919153 12.78008770113103 460 479 1.2807556626061274e-26 26895.713671929447 0.10782386900691115 2
33 "C IV" 1548.187 2 13.054344694010478 -107.35337443811592 7.113438517119216 486 491 5.127472510123643e-27 61730.51266820093 0.14965461805513353 2
34 "C IV" 1548.187 2 13.783763720405991 -138.30938354463436 31.53735946169296 542 558 1.0812942797184116e-25 10253.603358446595 0.2175069336195511 2
35 "C IV" 1548.187 2 13.947917966618917 -328.92652687199393 9.130572456838093 617 630 4.3062427436186456e-27 29509.196396794196 0.27072016124073256 2
36 "C IV" 1548.187 2 13.02339824787428 39.44304892114102 8.130233636877406 774 786 1.4132224516462253e-26 21676.508999829126 0.02198501234218804 2
37 "C IV" 1548.187 2 13.284526070770006 36.31578300040991 8.027945910038921 790 803 1.1688684703199926e-26 18255.956843425894 0.03598626674700585 2
38 "C IV" 1548.187 2 13.108741566469046 40.22980380751979 6.6337887035764265 4 15 3.560350777989589e-28 49540.59241115984 0.02525968228735825 3
39 "C IV" 1548.187 2 13.914447427015446 218.07073261322117 6.901185956759134 202 222 6.153201871955344e-28 67826.21207943239 0.45671339408314804 3
40 "C IV" 1548.187 2 13.18083832298156 265.48759148928275 5.282285152155667 260 265 4.496705948753548e-28 81947.35252376675 0.45434995351722973 3
41 "C IV" 1548.187 2 14.007383951975909 185.457588297102 22.66697703210978 268 322 6.807511710451251e-28 12214.42232446856 0.18823488991809872 3
42 "C IV" 1548.187 2 13.843503150749807 138.52854797817213 30.208871157217267 339 368 1.9990567166754293e-26 20738.218574063096 0.13813569321149688 3
43 "C IV" 1548.187 2 14.572587928093677 117.1315608459027 60.987163595173236 379 605 9.292599951210686e-26 11353.912647934878 0.07090005312415096 3
44 "C IV" 1548.187 2 13.54907942897143 262.22715961189493 7.4682868293496885 685 703 1.0998222989185352e-26 22888.95438679835 0.09208626821434551 3
45 "C IV" 1548.187 2 13.333451754244143 190.00185276026758 13.53772304623963 804 848 5.66537392978551e-28 114053.55101931198 0.2059148727181829 3
