 name wave redshift col_dens delta_v vel_dispersion interval_start interval_end density temperature metallicity lightray_index
0 "C II" 903.962 2 15.925280743576433 -77.56525763877175 32.1416748664485 48 95 1.5565310022442269e-25 10132.969582091808 0.13865534031019405 0
1 "C II" 903.962 2 13.758104141269179 -82.95137682504898  118 119 3.2992966096413396e-26 16765.383096186466 0.23381779762459276 0
2 "C II" 903.962 2 13.619042817671389 -70.55724976203268  122 123 3.5865350565931976e-26 16780.87717665171 0.2412587080589555 0
3 "C II" 903.962 2 13.81729330564781 -72.41065366450813 3.509502601775768 125 127 3.195433578742609e-26 47247.26432228391 0.24132710956232056 0
4 "C II" 903.962 2 15.660321045382027 -125.99908409705672 37.64943883556435 134 142 1.6780906510305567e-25 13485.813780526994 0.2808831569660533 0
5 "C II" 903.962 2 15.078460409836582 -81.98474770939569 21.13511341022405 301 348 3.067374414815798e-26 12268.10710435137 0.2572633318750183 0
6 "C II" 903.962 2 13.466646721703784 -189.46219688930918 8.231457245013697 466 502 5.9036055459755265e-27 15337.907295665562 0.1335781287760336 0
7 "C II" 903.962 2 13.006437711391206 -131.8167206996623 6.1195502163480695 738 754 1.3787045274100766e-26 21415.493840398634 0.015709999348446878 0
8 "C II" 903.962 2 13.198664782719314 -128.83124566420545 5.979155981888644 755 773 1.783431210340813e-26 13788.611748590407 0.016196102747475807 0
9 "C II" 903.962 2 14.292284179536663 -225.85335314607556 8.65270835734674 1054 1111 2.1176173388283414e-26 13359.121454896786 0.08850054918342733 0
10 "C II" 903.962 2 14.47236791706025 -152.5597605780451 22.214711167893583 1114 1119 7.9881294665308e-26 11177.194128232062 0.07375550300677572 0
11 "C II" 903.962 2 15.00235586827089 -50.34694059361854 47.70337137758528 1207 1235 4.7961137135323864e-26 12463.20381786535 0.1855345021901087 0
12 "C II" 903.962 2 14.236970808839528 151.58662001122232 35.374163163934575 1248 1275 2.3700690315942249e-26 17810.27819537829 0.09348722952532289 0
13 "C II" 903.962 2 13.141388793773118 173.77398104899353 4.84046868432729 1298 1302 1.3636207109523864e-26 29498.88503134262 0.09234823446967616 0
14 "C II" 903.962 2 15.162700427912313 197.60198405301216 9.460259822007279 1305 1336 7.46225484580696e-26 10111.901887231887 0.0848528890597585 0
15 "C II" 903.962 2 13.450790097008081 224.36836822469493 3.9331303966910873 1354 1379 1.5841924969274022e-26 15757.660317836906 0.04125322901391146 0
16 "C II" 903.962 2 15.437817683454936 249.0482638404245 11.411054414104697 1388 1423 4.216116256188627e-25 9509.587853953535 0.02375482426012376 0
17 "C II" 903.962 2 13.904696021025497 248.58364864306543 5.499674710479448 1423 1434 3.715764720459326e-26 13949.71500868239 0.046208955585288924 0
18 "C II" 903.962 2 13.629820009556292 -13.652809442137437 6.8257395440800215 222 240 2.2335546683744187e-26 13871.214416581846 0.02472906103914375 1
19 "C II" 903.962 2 13.853458163423127 -120.82388761039017 10.359320503833658 599 634 1.8810956553727344e-26 13032.739921833145 0.06008016187904971 1
20 "C II" 903.962 2 15.30996043561358 -68.19553120234607 28.708282675841883 634 727 4.2359826530036034e-26 11063.510579854688 0.1421850978324976 1
21 "C II" 903.962 2 13.211895800951106 -204.56895836958208 22.411096194203186 826 853 8.865276449337957e-27 15572.729666623065 0.04019986571628591 1
22 "C II" 903.962 2 15.932550772355931 14.024641944356468 152.4813364652142 860 901 2.3859300994730085e-25 9455.747825713013 0.11405605181061704 1
23 "C II" 903.962 2 18.564811162992164 286.90249619133414 40.71731998527488 908 983 2.837147280579791e-23 309.469103232372 0.737985391191237 1
24 "C II" 903.962 2 13.819038453388348 126.16677184568914 12.710277514809476 1104 1132 6.4311169184762334e-27 11109.27167346417 0.3102140371714745 1
25 "C II" 903.962 2 13.337593376286826 195.49977724928806 10.217087009145557 1467 1475 1.219492885661818e-26 32617.70624284827 0.09926804105296098 1
26 "C II" 903.962 2 13.210455157814751 257.53737524408103 13.254865223321023 1553 1562 5.1349098233378604e-27 27294.200609207244 0.2856463249734544 1
27 "C II" 903.962 2 15.342877721201125 -241.4811736079004 10.661966026492964 271 313 9.058012974432e-26 10194.819659500117 0.08272768304807682 2
28 "C II" 903.962 2 13.96163245745538 -267.82375788103764 7.856733201523916 320 340 1.8464524419658024e-26 12546.530716655774 0.08918303529414788 2
29 "C II" 903.962 2 15.523848627856468 -285.0969398951541 10.086353603240283 340 413 6.03509579937719e-26 10639.136616551543 0.11726782740867453 2
30 "C II" 903.962 2 13.013466190131835 -249.17243374288407 14.371293348539856 448 453 8.375965280940457e-27 35568.95845170993 0.07126236740752173 2
31 "C II" 903.962 2 13.720171131264328 -69.718219388487 10.311523146484847 460 474 1.355625689913437e-26 23569.206157078846 0.10662574530103908 2
32 "C II" 903.962 2 15.57485833310759 -105.57303919904048 9.121317672299961 542 554 1.1048510841445039e-25 9420.16748035256 0.21811176409740599 2
33 "C II" 903.962 2 13.048871843278462 -325.66183205710814 3.587129109351071 618 626 4.938843940493646e-27 20780.832691575164 0.2700085006643213 2
34 "C II" 903.962 2 13.480943458603903 41.996521347339126 3.35079575686476 775 800 1.9059640269650844e-26 15858.334309402137 0.02202702788517333 2
35 "C II" 903.962 2 13.858284323211429 98.72646021739706 14.340195550683589 341 349 2.32055530386177e-26 16699.114996531425 0.127461630549372 3
36 "C II" 903.962 2 15.581984959875813 104.01171368468113 25.26750382953667 403 466 1.117326875480562e-25 10051.144472831269 0.06908137685657152 3
37 "C II" 903.962 2 13.030781312172815 90.29467711542199 5.6926866887491725 466 475 9.729713627221363e-27 17095.14245891821 0.07129651532075147 3
38 "C II" 903.962 2 13.631487117193322 141.53133373500523 30.291616840641325 475 488 1.432679166566961e-26 16334.423821104316 0.10511345819263172 3
39 "C II" 903.962 2 13.250238462297613 184.39018788693676 6.859126019784993 494 515 9.25650998185692e-27 15900.18877716244 0.057807486700064074 3
40 "C II" 903.962 2 14.247561033640732 151.3515738226807 17.186521825651802 515 537 2.5846789931750328e-26 12588.570345805338 0.08506953168306347 3
41 "C II" 903.962 2 13.44919336501069 262.12964208557537 4.132351723492073 686 700 1.1244206108573456e-26 21532.626395353982 0.09276131857705723 3
