 name wave redshift col_dens delta_v vel_dispersion interval_start interval_end density temperature metallicity lightray_index
0 "O VI" 1031.912 2 13.38110253354165 -131.58791993845162 49.69530804467728 0 52 1.5011173938297127e-27 519769.8176892225 0.05567181308944934 0
1 "O VI" 1031.912 2 14.045238477477227 -115.16709993136014 10.32125491861973 112 118 6.498003199460344e-27 472768.35487121297 0.3333480338193328 0
2 "O VI" 1031.912 2 13.704934693072662 -78.34869883066261 6.117307135531326 119 122 7.564674764923075e-27 371204.73162930686 0.3364273434959957 0
3 "O VI" 1031.912 2 14.425588290175527 -44.8690302375171 40.625175466125185 191 320 4.376856731378682e-27 279800.04810613795 0.2866125995409993 0
4 "O VI" 1031.912 2 13.136411649639172 -86.08458489953573 64.78163616819806 347 498 3.6899001857322815e-27 15990.322223643754 0.10111000907786785 0
5 "O VI" 1031.912 2 12.994304829138319 -115.94758621387713 20.91741519200517 631 672 1.0964506095565924e-27 72374.65300702945 0.02464328437687033 0
6 "O VI" 1031.912 2 13.164678805674956 34.75094887442064 18.453964642722152 675 680 3.5690496924172673e-28 365518.0610731202 0.13282825646547966 0
7 "O VI" 1031.912 2 12.91587378484442 -142.36778608394926 6.886003933497472 833 844 1.8485421379131516e-27 72672.98004584468 0.032161194624548396 0
8 "O VI" 1031.912 2 13.239693033687134 -127.06856245531486 33.07060034738462 870 905 1.8561466562375763e-27 149969.12515133288 0.06792313927392818 0
9 "O VI" 1031.912 2 13.814628198455706 -185.88571838025334 10.305064682354127 905 1024 2.3199548032144673e-27 71959.31995671026 0.047466341594488384 0
10 "O VI" 1031.912 2 13.652614628974938 -12.847402246314072 82.4024233838885 1119 1220 2.5068580502056098e-27 11261.8601868786 0.16941804598893198 0
11 "O VI" 1031.912 2 14.114425110422975 103.62073851120785 30.03318133313444 1232 1247 6.77128560149382e-27 179851.4714158806 0.15338495406560063 0
12 "O VI" 1031.912 2 13.151043940780951 181.28596173472383 29.08788824610331 1269 1300 4.521529757958384e-27 59384.43028618334 0.10529052258307009 0
13 "O VI" 1031.912 2 12.919208467960711 179.52057971257412 24.43526956422656 1333 1365 6.3889691793899e-27 30218.167821390645 0.057537025346588375 0
14 "O VI" 1031.912 2 12.841102372695204 176.60136624150473 34.870615717607045 1372 1380 4.657569066413621e-27 41779.50688977555 0.06478238839238588 0
15 "O VI" 1031.912 2 12.925226481168714 39.76209093956677 74.99180500966288 1470 1482 1.6383458018212892e-27 326455.825785414 0.32619184812303137 0
16 "O VI" 1031.912 2 13.393856185269104 -3.5325261669155283 26.577965991268798 1663 1710 2.4387038802047505e-28 833505.1021776868 0.23341267975966068 0
17 "O VI" 1031.912 2 13.496115707968272 69.80515849927981 24.286042807633503 1767 1789 4.057408307688659e-28 98556.4833794235 0.039492171377578926 0
18 "O VI" 1031.912 2 13.137848977946172 15.522050698457166 18.828585860009163 1 11 5.048283989869654e-29 404252.8253101483 0.4661114414177121 1
19 "O VI" 1031.912 2 12.936238523653556 38.31485559173404 12.991731395083475 15 33 9.290435386687673e-29 731220.464813337 0.4326666419320841 1
20 "O VI" 1031.912 2 13.00282676871014 53.05209202172693 13.023221732046604 110 171 3.703477102622214e-27 202504.50441960982 0.04639529147324199 1
21 "O VI" 1031.912 2 13.152657440215574 31.34372905488949 20.59383308007991 174 211 3.423263032180441e-27 57139.28098758048 0.03294689477442931 1
22 "O VI" 1031.912 2 12.806551403951918 -14.159649340812974 6.014572517207178 249 269 3.158772357018276e-27 101374.29455929754 0.03426602165208526 1
23 "O VI" 1031.912 2 12.953043343983751 -69.54551602628058 15.983627584639898 536 600 3.068463889403071e-27 14204.316091484126 0.05510908866885996 1
24 "O VI" 1031.912 2 13.234086202152275 -165.59699437456803 22.592241020805446 723 832 3.887991199950474e-27 16366.143814402436 0.06845687248730288 1
25 "O VI" 1031.912 2 12.999831453013508 202.80117344929303 84.02615443599352 898 911 6.040244436067138e-27 19478.766964396626 0.4167979878017865 1
26 "O VI" 1031.912 2 14.322912337783475 174.2849344844441 48.42438895506551 982 1027 4.0159269257483215e-27 141589.66131522044 0.32014183220797704 1
27 "O VI" 1031.912 2 13.514415293332322 70.65668650475206 50.52457857632541 1100 1165 5.558454565258841e-27 26962.49753264658 0.3230423006305896 1
28 "O VI" 1031.912 2 13.86824243248641 -64.02756694124533 39.15640329261967 1187 1226 8.752341916264528e-28 344858.5740715166 0.39611724431491924 1
29 "O VI" 1031.912 2 13.213489552779185 36.028543453414784 23.483818702885426 1239 1257 1.9332871271558914e-27 155437.37728628682 0.4490592324530506 1
30 "O VI" 1031.912 2 13.60797924692354 123.48018495278505 16.882729851655746 1412 1437 1.9673086389463056e-27 640635.5091929117 0.2004625235767157 1
31 "O VI" 1031.912 2 13.106804377060815 173.07939766003508 6.927112838951311 1462 1470 6.305448249212282e-27 193517.8612811454 0.12935908821518996 1
32 "O VI" 1031.912 2 13.041253010280533 79.19149583278751 72.4456492665324 1473 1521 1.2349674513044709e-27 661190.2983064235 0.23382958589193054 1
33 "O VI" 1031.912 2 14.09061676339124 154.04070533975207 45.319976064039984 1546 1565 4.891572030095472e-27 198696.19862306552 0.2825679832238339 1
34 "O VI" 1031.912 2 13.15960176327383 77.65803774169324 21.199240017814905 1619 1639 3.6258378088501008e-28 400985.78316228057 0.30526087602625546 1
35 "O VI" 1031.912 2 12.987036037220415 181.75349365468816 3.799138168906434 1796 1841 3.736965090947102e-28 222933.52209264168 0.0053737633171088055 1
36 "O VI" 1031.912 2 12.979344100804711 123.2684446409174 18.556184041183716 1843 1857 1.0230387089606479e-27 284718.0166285965 0.0034121634283601062 1
37 "O VI" 1031.912 2 12.912798387386962 -205.93884688949376 3.588703636048413 0 11 5.55747589521526e-29 303844.28436549974 0.07617904575543585 2
38 "O VI" 1031.912 2 13.233218323780248 -222.1705188744745 9.841005183514364 453 456 2.5622818555120483e-27 526420.3665137687 0.14458863676932324 2
39 "O VI" 1031.912 2 13.06358943079109 -122.28382471071467 15.772605314495985 468 493 4.728408583558061e-27 69440.62055523138 0.12799748109260461 2
40 "O VI" 1031.912 2 13.686745481503264 -250.38129553432293 49.305682621274414 556 580 1.745936022274478e-27 290589.7439446982 0.21122293789890345 2
41 "O VI" 1031.912 2 13.311872383225644 -367.4534219804912 24.424554043372762 616 638 3.98370104690589e-27 42605.93712364519 0.271959573520695 2
42 "O VI" 1031.912 2 14.408404525186276 -280.21218366481287 4.868892600717049 643 656 8.633354375977738e-28 385367.6165646933 0.9729725001018632 2
43 "O VI" 1031.912 2 13.76415192610586 35.38755989874498 9.027845751420646 0 19 3.5116303363518322e-28 51838.90317129221 0.023394466098376875 3
44 "O VI" 1031.912 2 12.853935033354261 299.7811870826514 5.156638991590821 95 106 8.424895026738852e-29 491912.46935398347 0.5816940819875852 3
45 "O VI" 1031.912 2 14.36900450897287 251.03714829324298 28.750794967807487 118 229 3.8339242140320687e-28 159452.56612138415 0.4918730307130917 3
46 "O VI" 1031.912 2 14.288668718068768 253.39160586482862 59.3147553574103 240 343 1.6153886397721159e-27 70515.00951059109 0.24981705423780556 3
47 "O VI" 1031.912 2 13.63011665726085 119.91757261384636 22.024630151678497 348 405 3.6980650050898064e-27 23235.145422949496 0.17119966507460246 3
48 "O VI" 1031.912 2 12.84123062714414 -11.565418222827628 6.408184207881823 541 592 1.8716625547623864e-27 34649.46916345341 0.061926426109742035 3
49 "O VI" 1031.912 2 13.882897862879549 262.2367944742359 15.889231847766323 613 681 7.967605670264803e-28 239941.05046464206 0.12753639387499643 3
50 "O VI" 1031.912 2 14.456622184976354 150.3445525631682 53.52293378552435 746 899 4.824261712518682e-28 226179.9900532182 0.25275583457780126 3
