 name wave redshift col_dens delta_v vel_dispersion interval_start interval_end density temperature metallicity lightray_index
0 "C II" 903.962 2 16.004948110409828 -77.56525763877175 32.1416748664485 48 95 1.5565310022442269e-25 10132.969582091808 0.13865534031019405 0
1 "C II" 903.962 2 13.837771508102572 -82.95137682504898  118 119 3.2992966096413396e-26 16765.383096186466 0.23381779762459276 0
2 "C II" 903.962 2 13.698710184504781 -70.55724976203268  122 123 3.5865350565931976e-26 16780.87717665171 0.2412587080589555 0
3 "C II" 903.962 2 13.896960672481203 -72.41065366450813 3.509502601775769 125 127 3.195433578742609e-26 47247.26432228391 0.24132710956232056 0
4 "C II" 903.962 2 15.73998841221542 -125.99908409705672 37.64943883556435 134 142 1.6780906510305567e-25 13485.813780526994 0.2808831569660533 0
5 "C II" 903.962 2 15.158127776669975 -81.9847477093957 21.13511341022405 301 348 3.067374414815798e-26 12268.10710435137 0.2572633318750183 0
6 "C II" 903.962 2 13.546314088537176 -189.46219688930918 8.231457245013697 466 502 5.9036055459755265e-27 15337.907295665562 0.1335781287760336 0
7 "C II" 903.962 2 13.086105078224598 -131.81672069966234 6.1195502163480695 738 754 1.3787045274100766e-26 21415.493840398634 0.015709999348446878 0
8 "C II" 903.962 2 13.278332149552707 -128.83124566420548 5.979155981888645 755 773 1.783431210340813e-26 13788.611748590407 0.016196102747475807 0
9 "C II" 903.962 2 14.371951546370058 -225.85335314607556 8.65270835734674 1054 1111 2.1176173388283414e-26 13359.121454896786 0.08850054918342733 0
10 "C II" 903.962 2 14.552035283893643 -152.5597605780451 22.214711167893583 1114 1119 7.9881294665308e-26 11177.194128232062 0.07375550300677572 0
11 "C II" 903.962 2 15.082023235104282 -50.34694059361855 47.70337137758528 1207 1235 4.7961137135323864e-26 12463.20381786535 0.1855345021901087 0
12 "C II" 903.962 2 14.31663817567292 151.58662001122235 35.37416316393459 1248 1275 2.3700690315942249e-26 17810.27819537829 0.09348722952532289 0
13 "C II" 903.962 2 13.22105616060651 173.7739810489935 4.8404686843272895 1298 1302 1.3636207109523864e-26 29498.88503134262 0.09234823446967616 0
14 "C II" 903.962 2 15.242367794745705 197.60198405301216 9.460259822007279 1305 1336 7.46225484580696e-26 10111.901887231887 0.0848528890597585 0
15 "C II" 903.962 2 13.530457463841476 224.3683682246949 3.9331303966910864 1354 1379 1.5841924969274022e-26 15757.660317836906 0.04125322901391146 0
16 "C II" 903.962 2 15.517485050288329 249.04826384042465 11.411054414104699 1388 1423 4.216116256188627e-25 9509.587853953535 0.02375482426012376 0
17 "C II" 903.962 2 13.98436338785889 248.58364864306537 5.499674710479448 1423 1434 3.715764720459326e-26 13949.71500868239 0.046208955585288924 0
18 "C II" 903.962 2 13.709487376389685 -13.652809442137439 6.8257395440800215 222 240 2.2335546683744187e-26 13871.214416581846 0.02472906103914375 1
19 "C II" 903.962 2 13.02276788372082 -70.36901554159667 7.82753702845398 390 425 8.864327690470098e-27 18867.476230621454 0.01586351012003381 1
20 "C II" 903.962 2 13.93312553025652 -120.8238876103902 10.359320503833656 599 634 1.8810956553727344e-26 13032.739921833145 0.06008016187904971 1
21 "C II" 903.962 2 15.389627802446972 -68.1955312023461 28.70828267584189 634 727 4.2359826530036034e-26 11063.510579854688 0.1421850978324976 1
22 "C II" 903.962 2 13.2915631677845 -204.56895836958208 22.411096194203186 826 853 8.865276449337957e-27 15572.729666623065 0.04019986571628591 1
23 "C II" 903.962 2 16.012218139189322 14.024641944356473 152.48133646521418 860 901 2.3859300994730085e-25 9455.747825713013 0.11405605181061704 1
24 "C II" 903.962 2 18.644478529825555 286.902496191334 40.71731998527487 908 983 2.837147280579791e-23 309.469103232372 0.737985391191237 1
25 "C II" 903.962 2 13.89870582022174 126.16677184568906 12.710277514809473 1104 1132 6.4311169184762334e-27 11109.27167346417 0.3102140371714745 1
26 "C II" 903.962 2 13.033621932381108 42.67526746938027 4.995640410162545 1243 1249 2.498356855148661e-27 57281.25219538673 0.44523674309009437 1
27 "C II" 903.962 2 13.417260743120218 195.49977724928806 10.217087009145557 1467 1475 1.219492885661818e-26 32617.70624284827 0.09926804105296098 1
28 "C II" 903.962 2 13.290122524648144 257.537375244081 13.25486522332102 1553 1562 5.1349098233378604e-27 27294.200609207244 0.2856463249734544 1
29 "C II" 903.962 2 15.422545088034518 -241.48117360790042 10.661966026492964 271 313 9.058012974432e-26 10194.819659500117 0.08272768304807682 2
30 "C II" 903.962 2 14.041299824288773 -267.8237578810375 7.856733201523914 320 340 1.8464524419658024e-26 12546.530716655774 0.08918303529414788 2
31 "C II" 903.962 2 15.603515994689861 -285.09693989515415 10.086353603240283 340 413 6.03509579937719e-26 10639.136616551543 0.11726782740867453 2
32 "C II" 903.962 2 13.093133556965228 -249.17243374288404 14.371293348539858 448 453 8.375965280940457e-27 35568.95845170993 0.07126236740752173 2
33 "C II" 903.962 2 13.79983849809772 -69.71821938848699 10.311523146484847 460 474 1.355625689913437e-26 23569.206157078846 0.10662574530103908 2
34 "C II" 903.962 2 15.654525699940985 -105.57303919904044 9.121317672299961 542 554 1.1048510841445039e-25 9420.16748035256 0.21811176409740599 2
35 "C II" 903.962 2 13.014061906383617 -178.0450144587612  555 556 1.190928558011355e-26 19550.113180139215 0.18937758420332115 2
36 "C II" 903.962 2 13.128539210111855 -325.66183205710814 3.587129109351071 618 626 4.938843940493646e-27 20780.832691575164 0.2700085006643213 2
37 "C II" 903.962 2 13.560610825437296 41.996521347339126 3.35079575686476 775 800 1.9059640269650844e-26 15858.334309402137 0.02202702788517333 2
38 "C II" 903.962 2 13.941598820785876 99.20001216258103 15.480779490352395 341 351 2.2605960266364843e-26 17052.51253369989 0.12974107330437706 3
39 "C II" 903.962 2 15.667733117191123 104.38762437547507 25.564095181445328 401 488 1.0654663815264561e-25 10386.869479333684 0.07040900882432441 3
40 "C II" 903.962 2 14.371728048546341 154.5155606607184 19.2005452851016 488 537 2.0004530190486224e-26 13675.842803553636 0.07739660155703654 3
41 "C II" 903.962 2 13.528860731844082 262.1296420855754 4.132351723492072 686 700 1.1244206108573456e-26 21532.626395353982 0.09276131857705723 3
