 name wave redshift col_dens delta_v vel_dispersion interval_start interval_end density temperature metallicity lightray_index
0 "C IV" 1548.187 2 13.777373377206866 -131.16401453679103 59.15911866214094 42 95 1.5546851511160668e-25 10304.65188775645 0.1385398376684676 0
1 "C IV" 1548.187 2 13.900397144520756 -69.05905224965173 4.567322275185804 124 127 2.7985420456567414e-26 72039.73542000669 0.24946928746772956 0
2 "C IV" 1548.187 2 14.36363041799324 -15.289848865125444 88.75150658125507 134 142 1.6780906510305567e-25 13485.813780526994 0.2808831569660533 0
3 "C IV" 1548.187 2 15.044193551680081 -91.89297231970478 74.4743385470698 211 598 1.8019924246690584e-26 14323.345605206596 0.17382962846972988 0
4 "C IV" 1548.187 2 13.374451865771256 -80.56221965601786 14.792426033754904 615 657 2.865633675209609e-27 41449.570423553945 0.02265176447295931 0
5 "C IV" 1548.187 2 13.482282630527326 -105.83837285895312 41.40679727836652 727 774 1.5319446101722175e-26 18457.198797533812 0.016698611225037636 0
6 "C IV" 1548.187 2 13.210720886763347 -162.50233310653144 8.668214639575753 896 916 2.0304267433048355e-27 75041.31080702113 0.044505347926057245 0
7 "C IV" 1548.187 2 14.914287666128974 -111.21458177694153 105.04459636864522 964 1238 3.6569544163655614e-26 15588.435587675363 0.11534590121392074 0
8 "C IV" 1548.187 2 14.02037558122094 132.09939214677286 48.91639774306056 1242 1282 2.2365712552774935e-26 26596.386049764318 0.09595135449283375 0
9 "C IV" 1548.187 2 13.938330236917396 183.1327505543645 23.831439219490395 1295 1338 7.24400430507967e-26 11240.69548733119 0.08551951610780219 0
10 "C IV" 1548.187 2 13.76431442005044 223.57244342057402 7.920671286323439 1350 1382 1.509785645848193e-26 23618.991019382287 0.04606007593794266 0
11 "C IV" 1548.187 2 13.704333553661247 230.28959050996858 15.761629979067806 1408 1442 4.573129617951669e-26 17351.324398337496 0.03390840544209793 0
12 "C IV" 1548.187 2 13.202244734531046 31.606393929390297 5.629469861357708 162 174 4.848944850176929e-27 57876.93006642 0.027832169443381634 1
13 "C IV" 1548.187 2 13.28224984375356 14.168117407990614 4.471186734109151 178 208 3.591929353903497e-27 41403.69857422478 0.029749583947858566 1
14 "C IV" 1548.187 2 13.474780270908342 -14.338505615229826 13.842059006699474 208 253 1.8059018646808273e-26 14765.359306146152 0.020904636030443086 1
15 "C IV" 1548.187 2 13.050717053254072 -47.996957722243266 9.508224177676157 344 358 1.1009041866344047e-26 28131.859790141683 0.021848919726123663 1
16 "C IV" 1548.187 2 13.389352707542344 -70.19180490589649 8.03716258691279 390 425 8.864327690470098e-27 18867.476230621454 0.01586351012003381 1
17 "C IV" 1548.187 2 15.036528320209541 -117.05777137262676 50.57981076052299 442 873 2.5794549477167313e-26 13712.02478035003 0.09069677428678903 1
18 "C IV" 1548.187 2 13.219061199936178 79.66541125446469 93.19749737806468 881 892 1.7765355365495088e-25 9239.032340053034 0.12135720273771304 1
19 "C IV" 1548.187 2 14.286818079673013 169.63739573221 78.85052945223681 892 922 5.739503043285092e-25 3988.3091259754474 0.8481535945453138 1
20 "C IV" 1548.187 2 13.777236385722889 225.0127843183635 17.512666198816675 934 937 1.8374956563584403e-25 5940.237673517229 1.0095713054770827 1
21 "C IV" 1548.187 2 13.628375434421468 318.8109300762441 7.381924737505075 973 986 2.7311442480391977e-25 8740.601499749237 0.2082329302551378 1
22 "C IV" 1548.187 2 13.691692040579948 219.76679489401013 31.38959847533422 986 999 4.194521045546005e-27 180460.56576940202 0.448279230415055 1
23 "C IV" 1548.187 2 13.62944504564083 177.2505405504467 15.801506776286459 1000 1011 2.516518553998428e-27 58918.96058189509 0.19745545196980366 1
24 "C IV" 1548.187 2 14.640128502047654 119.69121814000393 16.04436722685905 1102 1138 6.1161572928474134e-27 14650.539012753821 0.307768377445903 1
25 "C IV" 1548.187 2 13.926963208472024 70.87340848700714 13.952039763229022 1148 1162 1.93470234603505e-27 51602.11079427322 0.4248188804269279 1
26 "C IV" 1548.187 2 13.614616173283048 -45.242547569692974 10.526173554868482 1197 1207 1.429425510228553e-27 117319.01538205487 0.3518376519365673 1
27 "C IV" 1548.187 2 13.79137619327952 43.37026618866436 7.544823461081908 1242 1252 2.1723249575266557e-27 76577.1959671034 0.4451760374076283 1
28 "C IV" 1548.187 2 13.532791691166173 191.62179645201135 13.846686334570954 1467 1475 1.219492885661818e-26 32617.70624284827 0.09926804105296098 1
29 "C IV" 1548.187 2 13.982582350103895 246.9378741393638 22.69033826856627 1550 1564 4.860950002152359e-27 51434.99079691277 0.28628295521282165 1
30 "C IV" 1548.187 2 14.031718103166227 -218.4540117648802 12.602806418066713 265 296 2.812861054480879e-26 11949.824983257977 0.07667816189328516 2
31 "C IV" 1548.187 2 14.649893370530908 -277.00040603374686 13.69035512460843 301 407 5.614131507285473e-26 10794.867702664458 0.11465964349727553 2
32 "C IV" 1548.187 2 13.490550876700334 -272.6713185706126 19.95233309191995 439 453 6.895951542810961e-27 37683.833104651385 0.07502293543953245 2
33 "C IV" 1548.187 2 13.886670571522634 -78.87232622919153 12.780087701131032 460 479 1.2807556626061274e-26 26895.713671929447 0.10782386900691115 2
34 "C IV" 1548.187 2 13.173466447592187 -107.35337443811594 7.113438517119216 486 491 5.127472510123643e-27 61730.51266820093 0.14965461805513353 2
35 "C IV" 1548.187 2 13.9028854739877 -138.30938354463436 31.537359461692958 542 558 1.0812942797184116e-25 10253.603358446595 0.2175069336195511 2
36 "C IV" 1548.187 2 14.067039720200624 -328.92652687199393 9.130572456838093 617 630 4.3062427436186456e-27 29509.196396794196 0.27072016124073256 2
37 "C IV" 1548.187 2 13.142520001455988 39.443048921141006 8.130233636877405 774 786 1.4132224516462253e-26 21676.508999829126 0.02198501234218804 2
38 "C IV" 1548.187 2 13.403647824351715 36.315783000409915 8.027945910038921 790 803 1.1688684703199926e-26 18255.956843425894 0.03598626674700585 2
39 "C IV" 1548.187 2 13.227863320050755 40.22980380751977 6.633788703576425 4 15 3.560350777989589e-28 49540.59241115984 0.02525968228735825 3
40 "C IV" 1548.187 2 14.033569180597155 218.07073261322117 6.901185956759135 202 222 6.153201871955344e-28 67826.21207943239 0.45671339408314804 3
41 "C IV" 1548.187 2 13.299960076563268 265.4875914892828 5.282285152155667 260 265 4.496705948753548e-28 81947.35252376675 0.45434995351722973 3
42 "C IV" 1548.187 2 14.126505705557618 185.45758829710198 22.666977032109777 268 322 6.807511710451251e-28 12214.42232446856 0.18823488991809872 3
43 "C IV" 1548.187 2 13.962624904331516 138.52854797817213 30.20887115721727 339 368 1.9990567166754293e-26 20738.218574063096 0.13813569321149688 3
44 "C IV" 1548.187 2 14.691709681675386 117.13156084590268 60.98716359517323 379 605 9.292599951210686e-26 11353.912647934878 0.07090005312415096 3
45 "C IV" 1548.187 2 13.056222166278715 236.1340468122267 8.775030140576625 636 663 9.78107531090887e-28 178997.625764605 0.1359313002220393 3
46 "C IV" 1548.187 2 13.668201182553139 262.227159611895 7.468286829349688 685 703 1.0998222989185352e-26 22888.95438679835 0.09208626821434551 3
47 "C IV" 1548.187 2 13.01170765108506 392.56407736161765 8.730601260309973 722 737 9.757938577886252e-27 24955.130179888227 0.01500023815173474 3
48 "C IV" 1548.187 2 13.452573507825852 190.00185276026755 13.53772304623963 804 848 5.66537392978551e-28 114053.55101931198 0.2059148727181829 3
