 name wave redshift col_dens delta_v vel_dispersion interval_start interval_end density temperature metallicity lightray_index
0 "C IV" 1548.187 2 13.815614834583604 -131.1640145367911 59.15911866214094 42 95 1.5546851511160668e-25 10304.65188775645 0.1385398376684676 0
1 "C IV" 1548.187 2 13.003035393628045 -96.96970054663849 13.675413319387491 113 118 6.557103190975546e-27 458144.1100708263 0.33112701979675024 0
2 "C IV" 1548.187 2 13.938638601897495 -69.05905224965171 4.567322275185799 124 127 2.7985420456567414e-26 72039.73542000669 0.24946928746772956 0
3 "C IV" 1548.187 2 14.401871875369979 -15.289848865125444 88.75150658125513 134 142 1.6780906510305567e-25 13485.813780526994 0.2808831569660533 0
4 "C IV" 1548.187 2 15.08243500905682 -91.8929723197048 74.47433854706979 211 598 1.8019924246690584e-26 14323.345605206596 0.17382962846972988 0
5 "C IV" 1548.187 2 13.412693323147995 -80.56221965601786 14.792426033754907 615 657 2.865633675209609e-27 41449.570423553945 0.02265176447295931 0
6 "C IV" 1548.187 2 13.520524087904064 -105.83837285895312 41.40679727836653 727 774 1.5319446101722175e-26 18457.198797533812 0.016698611225037636 0
7 "C IV" 1548.187 2 13.248962344140086 -162.50233310653147 8.668214639575753 896 916 2.0304267433048355e-27 75041.31080702113 0.044505347926057245 0
8 "C IV" 1548.187 2 14.952529123505714 -111.21458177694154 105.04459636864522 964 1238 3.6569544163655614e-26 15588.435587675363 0.11534590121392074 0
9 "C IV" 1548.187 2 14.058617038597678 132.09939214677286 48.916397743060564 1242 1282 2.2365712552774935e-26 26596.386049764318 0.09595135449283375 0
10 "C IV" 1548.187 2 13.976571694294137 183.13275055436446 23.83143921949039 1295 1338 7.24400430507967e-26 11240.69548733119 0.08551951610780219 0
11 "C IV" 1548.187 2 13.802555877427178 223.57244342057405 7.92067128632344 1350 1382 1.509785645848193e-26 23618.991019382287 0.04606007593794266 0
12 "C IV" 1548.187 2 13.742575011037985 230.28959050996852 15.761629979067804 1408 1442 4.573129617951669e-26 17351.324398337496 0.03390840544209793 0
13 "C IV" 1548.187 2 13.240486191907785 31.606393929390297 5.629469861357709 162 174 4.848944850176929e-27 57876.93006642 0.027832169443381634 1
14 "C IV" 1548.187 2 13.320491301130298 14.168117407990609 4.47118673410915 178 208 3.591929353903497e-27 41403.69857422478 0.029749583947858566 1
15 "C IV" 1548.187 2 13.513021728285082 -14.338505615229826 13.84205900669947 208 253 1.8059018646808273e-26 14765.359306146152 0.020904636030443086 1
16 "C IV" 1548.187 2 13.088958510630812 -47.996957722243245 9.508224177676155 344 358 1.1009041866344047e-26 28131.859790141683 0.021848919726123663 1
17 "C IV" 1548.187 2 13.427594164919082 -70.1918049058965 8.03716258691279 390 425 8.864327690470098e-27 18867.476230621454 0.01586351012003381 1
18 "C IV" 1548.187 2 15.07476977758628 -117.05777137262679 50.579810760522996 442 873 2.5794549477167313e-26 13712.02478035003 0.09069677428678903 1
19 "C IV" 1548.187 2 13.257302657312916 79.66541125446471 93.19749737806472 881 892 1.7765355365495088e-25 9239.032340053034 0.12135720273771304 1
20 "C IV" 1548.187 2 14.325059537049752 169.63739573220997 78.8505294522368 892 922 5.739503043285092e-25 3988.3091259754474 0.8481535945453138 1
21 "C IV" 1548.187 2 13.815477843099627 225.01278431836346 17.512666198816678 934 937 1.8374956563584403e-25 5940.237673517229 1.0095713054770827 1
22 "C IV" 1548.187 2 13.666616891798206 318.8109300762441 7.381924737505075 973 986 2.7311442480391977e-25 8740.601499749237 0.2082329302551378 1
23 "C IV" 1548.187 2 13.729933497956688 219.76679489401016 31.38959847533422 986 999 4.194521045546005e-27 180460.56576940202 0.448279230415055 1
24 "C IV" 1548.187 2 13.667686503017569 177.2505405504467 15.801506776286459 1000 1011 2.516518553998428e-27 58918.96058189509 0.19745545196980366 1
25 "C IV" 1548.187 2 14.678369959424392 119.69121814000393 16.04436722685905 1102 1138 6.1161572928474134e-27 14650.539012753821 0.307768377445903 1
26 "C IV" 1548.187 2 13.965204665848763 70.87340848700714 13.952039763229022 1148 1162 1.93470234603505e-27 51602.11079427322 0.4248188804269279 1
27 "C IV" 1548.187 2 13.652857630659787 -45.242547569692974 10.526173554868484 1197 1207 1.429425510228553e-27 117319.01538205487 0.3518376519365673 1
28 "C IV" 1548.187 2 13.829617650656258 43.370266188664374 7.544823461081908 1242 1252 2.1723249575266557e-27 76577.1959671034 0.4451760374076283 1
29 "C IV" 1548.187 2 13.571033148542911 191.62179645201138 13.846686334570956 1467 1475 1.219492885661818e-26 32617.70624284827 0.09926804105296098 1
30 "C IV" 1548.187 2 14.020823807480635 246.93787413936388 22.690338268566272 1550 1564 4.860950002152359e-27 51434.99079691277 0.28628295521282165 1
31 "C IV" 1548.187 2 14.069959560542966 -218.45401176488022 12.602806418066713 265 296 2.812861054480879e-26 11949.824983257977 0.07667816189328516 2
32 "C IV" 1548.187 2 14.688134827907646 -277.00040603374686 13.690355124608432 301 407 5.614131507285473e-26 10794.867702664458 0.11465964349727553 2
33 "C IV" 1548.187 2 13.528792334077073 -272.6713185706125 19.95233309191995 439 453 6.895951542810961e-27 37683.833104651385 0.07502293543953245 2
34 "C IV" 1548.187 2 13.924912028899373 -78.87232622919156 12.78008770113103 460 479 1.2807556626061274e-26 26895.713671929447 0.10782386900691115 2
35 "C IV" 1548.187 2 13.211707904968925 -107.3533744381159 7.113438517119216 486 491 5.127472510123643e-27 61730.51266820093 0.14965461805513353 2
36 "C IV" 1548.187 2 13.941126931364439 -138.30938354463436 31.537359461692958 542 558 1.0812942797184116e-25 10253.603358446595 0.2175069336195511 2
37 "C IV" 1548.187 2 14.105281177577364 -328.9265268719938 9.130572456838092 617 630 4.3062427436186456e-27 29509.196396794196 0.27072016124073256 2
38 "C IV" 1548.187 2 13.180761458832727 39.443048921141006 8.130233636877405 774 786 1.4132224516462253e-26 21676.508999829126 0.02198501234218804 2
39 "C IV" 1548.187 2 13.441889281728454 36.31578300040992 8.027945910038923 790 803 1.1688684703199926e-26 18255.956843425894 0.03598626674700585 2
40 "C IV" 1548.187 2 13.266104777427493 40.229803807519794 6.633788703576426 4 15 3.560350777989589e-28 49540.59241115984 0.02525968228735825 3
41 "C IV" 1548.187 2 14.071810637973893 218.07073261322117 6.901185956759134 202 222 6.153201871955344e-28 67826.21207943239 0.45671339408314804 3
42 "C IV" 1548.187 2 13.007749464251559 284.578613787451 10.344856748237337 255 260 2.5680481916786144e-28 78270.58595029905 0.47929232183660786 3
43 "C IV" 1548.187 2 13.338201533940007 265.48759148928275 5.2822851521556675 260 265 4.496705948753548e-28 81947.35252376675 0.45434995351722973 3
44 "C IV" 1548.187 2 14.164747162934356 185.45758829710192 22.666977032109777 268 322 6.807511710451251e-28 12214.42232446856 0.18823488991809872 3
45 "C IV" 1548.187 2 14.000866361708255 138.52854797817213 30.20887115721727 339 368 1.9990567166754293e-26 20738.218574063096 0.13813569321149688 3
46 "C IV" 1548.187 2 14.729951139052124 117.13156084590267 60.98716359517323 379 605 9.292599951210686e-26 11353.912647934878 0.07090005312415096 3
47 "C IV" 1548.187 2 13.094463623655454 236.13404681222667 8.775030140576625 636 663 9.78107531090887e-28 178997.625764605 0.1359313002220393 3
48 "C IV" 1548.187 2 13.706442639929877 262.227159611895 7.468286829349688 685 703 1.0998222989185352e-26 22888.95438679835 0.09208626821434551 3
49 "C IV" 1548.187 2 13.0499491084618 392.56407736161776 8.730601260309975 722 737 9.757938577886252e-27 24955.130179888227 0.01500023815173474 3
50 "C IV" 1548.187 2 13.49081496520259 190.0018527602675 13.537723046239627 804 848 5.66537392978551e-28 114053.55101931198 0.2059148727181829 3
