 name wave redshift col_dens delta_v vel_dispersion interval_start interval_end density temperature metallicity lightray_index
0 "O VI" 1031.912 2 13.132327106015694 -131.5879199384516 49.695308044677276 0 52 1.5011173938297127e-27 519769.8176892225 0.05567181308944934 0
1 "O VI" 1031.912 2 13.79646304995127 -115.16709993136011 10.32125491861973 112 118 6.498003199460344e-27 472768.35487121297 0.3333480338193328 0
2 "O VI" 1031.912 2 13.456159265546706 -78.34869883066261 6.117307135531325 119 122 7.564674764923075e-27 371204.73162930686 0.3364273434959957 0
3 "O VI" 1031.912 2 14.176812862649571 -44.869030237517094 40.62517546612518 191 320 4.376856731378682e-27 279800.04810613795 0.2866125995409993 0
4 "O VI" 1031.912 2 12.887636222113217 -86.08458489953573 64.78163616819808 347 498 3.6899001857322815e-27 15990.322223643754 0.10111000907786785 0
5 "O VI" 1031.912 2 12.915903378149002 34.750948874420644 18.453964642722156 675 680 3.5690496924172673e-28 365518.0610731202 0.13282825646547966 0
6 "O VI" 1031.912 2 12.99091760616118 -127.06856245531486 33.07060034738461 870 905 1.8561466562375763e-27 149969.12515133288 0.06792313927392818 0
7 "O VI" 1031.912 2 13.56585277092975 -185.8857183802533 10.305064682354127 905 1024 2.3199548032144673e-27 71959.31995671026 0.047466341594488384 0
8 "O VI" 1031.912 2 13.403839201448982 -12.84740224631407 82.40242338388848 1119 1220 2.5068580502056098e-27 11261.8601868786 0.16941804598893198 0
9 "O VI" 1031.912 2 13.865649682897018 103.62073851120783 30.033181333134443 1232 1247 6.77128560149382e-27 179851.4714158806 0.15338495406560063 0
10 "O VI" 1031.912 2 12.902268513254995 181.2859617347238 29.08788824610331 1269 1300 4.521529757958384e-27 59384.43028618334 0.10529052258307009 0
11 "O VI" 1031.912 2 13.145080757743148 -3.5325261669155292 26.577965991268805 1663 1710 2.4387038802047505e-28 833505.1021776868 0.23341267975966068 0
12 "O VI" 1031.912 2 13.247340280442318 69.8051584992798 24.2860428076335 1767 1789 4.057408307688659e-28 98556.4833794235 0.039492171377578926 0
13 "O VI" 1031.912 2 13.226860969558729 253.37199830890478 33.84972587826127 982 992 5.3689988043397995e-27 105497.04463843521 0.3212606994158951 1
14 "O VI" 1031.912 2 14.00689226212231 161.32481893457003 32.890265384051695 992 1022 3.562632517183014e-27 146741.99110174965 0.320577335668731 1
15 "O VI" 1031.912 2 13.162894920872887 59.17570950597624 50.78176154879873 1128 1165 3.1525602071131397e-27 41615.470017749416 0.3549378242555436 1
16 "O VI" 1031.912 2 13.597409268379002 -59.77799603869542 34.88615155380126 1187 1218 1.045896118709421e-27 217121.06411541137 0.3836783008811118 1
17 "O VI" 1031.912 2 12.9623057607122 36.78221869657076 20.765598210141956 1239 1255 1.980469711057358e-27 119634.25162977092 0.44585860132161265 1
18 "O VI" 1031.912 2 13.348445413639988 124.6183052730039 12.913158765411382 1418 1430 2.400829001432858e-27 411114.5940109012 0.1556218539229247 1
19 "O VI" 1031.912 2 12.855334854645006 173.26771860925138 5.460130089958243 1465 1470 6.539812688406277e-27 127945.29535743102 0.12048766543488357 1
20 "O VI" 1031.912 2 13.841841335865285 154.04070533975207 45.319976064039984 1546 1565 4.891572030095472e-27 198696.19862306552 0.2825679832238339 1
21 "O VI" 1031.912 2 12.909395881490552 77.69852540267648 21.236229193003528 1621 1639 3.799982430545528e-28 323634.36170428194 0.29089257814403474 1
22 "O VI" 1031.912 2 12.984442896254292 -222.17051887447448 9.841005183514357 453 456 2.5622818555120483e-27 526420.3665137687 0.14458863676932324 2
23 "O VI" 1031.912 2 12.814814003265134 -122.28382471071467 15.772605314495983 468 493 4.728408583558061e-27 69440.62055523138 0.12799748109260461 2
24 "O VI" 1031.912 2 13.437970053977308 -250.38129553432293 49.305682621274414 556 580 1.745936022274478e-27 290589.7439446982 0.21122293789890345 2
25 "O VI" 1031.912 2 13.06309695569969 -367.45342198049127 24.42455404337276 616 638 3.98370104690589e-27 42605.93712364519 0.271959573520695 2
26 "O VI" 1031.912 2 14.15962909766032 -280.21218366481304 4.868892600717052 643 656 8.633354375977738e-28 385367.6165646933 0.9729725001018632 2
27 "O VI" 1031.912 2 13.195806441699846 41.94141551598352 5.60950016902834 2 14 3.7462731595677254e-28 51286.04952321132 0.01883270283747833 3
28 "O VI" 1031.912 2 13.035459085839896 27.531868335253662  14 15 1.4405543189377054e-28 44440.744060686986 0.06524886498688605 3
29 "O VI" 1031.912 2 13.792890078976304 267.2086699726224 22.968685208244057 126 186 8.03022832239332e-29 244157.54714323275 0.5503566452357577 3
30 "O VI" 1031.912 2 13.82320351025797 234.95896243709285 25.30466074777718 198 229 5.581879004020331e-28 89877.88758466936 0.46169900734467273 3
31 "O VI" 1031.912 2 14.033353249139534 253.6942520583795 58.15388101022143 244 336 5.269859302035536e-28 73463.25980872527 0.28299362417308715 3
32 "O VI" 1031.912 2 13.378167943468563 120.02241585141842 22.0512880568452 349 402 1.2100462505439941e-27 26558.26466197966 0.19453568640842914 3
33 "O VI" 1031.912 2 13.634122435353593 262.2367944742359 15.889231847766323 613 681 7.967605670264803e-28 239941.05046464206 0.12753639387499643 3
34 "O VI" 1031.912 2 13.935826212275362 182.05055479474242 50.88952117415859 750 866 4.621248391164243e-28 176455.8471187055 0.20916353484777636 3
35 "O VI" 1031.912 2 13.85647644559461 114.97248040107658 22.961562114071032 874 894 2.7180786601572728e-28 306290.1014274789 0.4319813672980931 3
