 name wave redshift col_dens delta_v vel_dispersion interval_start interval_end density temperature metallicity lightray_index
0 "O VI" 1031.912 2 13.455738209881758 -131.58791993845165 49.69530804467728 0 52 1.5011173938297127e-27 519769.8176892225 0.05567181308944934 0
1 "O VI" 1031.912 2 14.119874153817335 -115.16709993136016 10.321254918619733 112 118 6.498003199460344e-27 472768.35487121297 0.3333480338193328 0
2 "O VI" 1031.912 2 13.77957036941277 -78.34869883066261 6.11730713553132 119 122 7.564674764923075e-27 371204.73162930686 0.3364273434959957 0
3 "O VI" 1031.912 2 12.817478994331562 -75.270073226199 3.7784671331315303 123 126 1.60056627598569e-26 137837.395315043 0.2641166600509847 0
4 "O VI" 1031.912 2 14.500223966515636 -44.8690302375171 40.625175466125185 191 320 4.376856731378682e-27 279800.04810613795 0.2866125995409993 0
5 "O VI" 1031.912 2 13.211047325979282 -86.08458489953574 64.78163616819808 347 498 3.6899001857322815e-27 15990.322223643754 0.10111000907786785 0
6 "O VI" 1031.912 2 13.068940505478427 -115.94758621387713 20.917415192005173 631 672 1.0964506095565924e-27 72374.65300702945 0.02464328437687033 0
7 "O VI" 1031.912 2 13.239314482015065 34.750948874420644 18.453964642722156 675 680 3.5690496924172673e-28 365518.0610731202 0.13282825646547966 0
8 "O VI" 1031.912 2 12.990509461184528 -142.36778608394923 6.886003933497469 833 844 1.8485421379131516e-27 72672.98004584468 0.032161194624548396 0
9 "O VI" 1031.912 2 13.314328710027242 -127.0685624553149 33.07060034738463 870 905 1.8561466562375763e-27 149969.12515133288 0.06792313927392818 0
10 "O VI" 1031.912 2 13.889263874795814 -185.88571838025334 10.305064682354125 905 1024 2.3199548032144673e-27 71959.31995671026 0.047466341594488384 0
11 "O VI" 1031.912 2 13.727250305315046 -12.847402246314072 82.40242338388848 1119 1220 2.5068580502056098e-27 11261.8601868786 0.16941804598893198 0
12 "O VI" 1031.912 2 14.189060786763083 103.62073851120778 30.033181333134426 1232 1247 6.77128560149382e-27 179851.4714158806 0.15338495406560063 0
13 "O VI" 1031.912 2 13.22567961712106 181.28596173472383 29.0878882461033 1269 1300 4.521529757958384e-27 59384.43028618334 0.10529052258307009 0
14 "O VI" 1031.912 2 12.99384414430082 179.52057971257406 24.435269564226555 1333 1365 6.3889691793899e-27 30218.167821390645 0.057537025346588375 0
15 "O VI" 1031.912 2 12.915738049035312 176.6013662415047 34.870615717607116 1372 1380 4.657569066413621e-27 41779.50688977555 0.06478238839238588 0
16 "O VI" 1031.912 2 12.999862157508822 39.762090939566775 74.99180500966288 1470 1482 1.6383458018212892e-27 326455.825785414 0.32619184812303137 0
17 "O VI" 1031.912 2 13.468491861609213 -3.532526166915529 26.577965991268798 1663 1710 2.4387038802047505e-28 833505.1021776868 0.23341267975966068 0
18 "O VI" 1031.912 2 13.570751384308382 69.80515849927981 24.286042807633503 1767 1789 4.057408307688659e-28 98556.4833794235 0.039492171377578926 0
19 "O VI" 1031.912 2 13.21248465428628 15.522050698457168 18.828585860009163 1 11 5.048283989869654e-29 404252.8253101483 0.4661114414177121 1
20 "O VI" 1031.912 2 13.010874199993664 38.314855591734045 12.991731395083477 15 33 9.290435386687673e-29 731220.464813337 0.4326666419320841 1
21 "O VI" 1031.912 2 13.077462445050248 53.052092021726956 13.023221732046608 110 171 3.703477102622214e-27 202504.50441960982 0.04639529147324199 1
22 "O VI" 1031.912 2 13.227293116555682 31.343729054889486 20.593833080079907 174 211 3.423263032180441e-27 57139.28098758048 0.03294689477442931 1
23 "O VI" 1031.912 2 12.881187080292028 -14.15964934081297 6.014572517207177 249 269 3.158772357018276e-27 101374.29455929754 0.03426602165208526 1
24 "O VI" 1031.912 2 13.027679020323859 -69.54551602628058 15.983627584639898 536 600 3.068463889403071e-27 14204.316091484126 0.05510908866885996 1
25 "O VI" 1031.912 2 13.308721878492385 -165.59699437456806 22.592241020805442 723 832 3.887991199950474e-27 16366.143814402436 0.06845687248730288 1
26 "O VI" 1031.912 2 13.074467129353618 202.80117344929303 84.02615443599352 898 911 6.040244436067138e-27 19478.766964396626 0.4167979878017865 1
27 "O VI" 1031.912 2 14.397548014123583 174.28493448444425 48.42438895506552 982 1027 4.0159269257483215e-27 141589.66131522044 0.32014183220797704 1
28 "O VI" 1031.912 2 13.58905096967243 70.65668650475206 50.52457857632541 1100 1165 5.558454565258841e-27 26962.49753264658 0.3230423006305896 1
29 "O VI" 1031.912 2 13.94287810882652 -64.02756694124535 39.15640329261967 1187 1226 8.752341916264528e-28 344858.5740715166 0.39611724431491924 1
30 "O VI" 1031.912 2 13.288125229119293 36.02854345341479 23.48381870288543 1239 1257 1.9332871271558914e-27 155437.37728628682 0.4490592324530506 1
31 "O VI" 1031.912 2 13.682614923263648 123.48018495278507 16.88272985165575 1412 1437 1.9673086389463056e-27 640635.5091929117 0.2004625235767157 1
32 "O VI" 1031.912 2 13.181440053400923 173.07939766003508 6.927112838951311 1462 1470 6.305448249212282e-27 193517.8612811454 0.12935908821518996 1
33 "O VI" 1031.912 2 13.115888686620641 79.1914958327875 72.44564926653241 1473 1521 1.2349674513044709e-27 661190.2983064235 0.23382958589193054 1
34 "O VI" 1031.912 2 14.165252439731349 154.04070533975204 45.31997606403997 1546 1565 4.891572030095472e-27 198696.19862306552 0.2825679832238339 1
35 "O VI" 1031.912 2 13.234237439613938 77.65803774169324 21.19924001781491 1619 1639 3.6258378088501008e-28 400985.78316228057 0.30526087602625546 1
36 "O VI" 1031.912 2 13.061671713560523 181.75349365468816 3.7991381689064343 1796 1841 3.736965090947102e-28 222933.52209264168 0.0053737633171088055 1
37 "O VI" 1031.912 2 13.05397977714482 123.26844464091741 18.55618404118372 1843 1857 1.0230387089606479e-27 284718.0166285965 0.0034121634283601062 1
38 "O VI" 1031.912 2 12.98743406372707 -205.9388468894937 3.5887036360484115 0 11 5.55747589521526e-29 303844.28436549974 0.07617904575543585 2
39 "O VI" 1031.912 2 12.95421162890436 -189.55913867524785 16.738741518154313 75 137 1.0908093077628948e-28 818218.4969715574 0.272812803122864 2
40 "O VI" 1031.912 2 12.842101273150591 -250.83832673550882 23.29077921579732 262 275 6.810325758268512e-27 27548.622007363898 0.12063949052204623 2
41 "O VI" 1031.912 2 13.420595110377173 -219.75487905829584 27.790594125798062 433 456 6.099695508373512e-27 89720.7086452875 0.08432109186347835 2
42 "O VI" 1031.912 2 13.15468257054034 -122.51984781905225 19.367616281604274 463 504 6.88216374328608e-27 62127.727317339246 0.12167398682582642 2
43 "O VI" 1031.912 2 13.764103626865396 -250.283308406043 49.79925743621687 554 585 6.493371397328434e-27 164307.1357350148 0.2034674831195544 2
44 "O VI" 1031.912 2 13.388503508185595 -367.4411057463694 24.369192308802266 616 640 3.9489405465779675e-27 51442.97911014807 0.2733042961915923 2
45 "O VI" 1031.912 2 14.483980212654114 -280.50079732613796 9.09130556823403 643 661 7.795927777615301e-28 479302.34756849677 0.9634997384748223 2
46 "O VI" 1031.912 2 13.838787602445969 35.387559898744975 9.027845751420644 0 19 3.5116303363518322e-28 51838.90317129221 0.023394466098376875 3
47 "O VI" 1031.912 2 12.92857070969437 299.7811870826514 5.15663899159082 95 106 8.424895026738852e-29 491912.46935398347 0.5816940819875852 3
48 "O VI" 1031.912 2 14.443640185312978 251.03714829324292 28.75079496780748 118 229 3.8339242140320687e-28 159452.56612138415 0.4918730307130917 3
49 "O VI" 1031.912 2 14.363304394408878 253.3916058648286 59.31475535741031 240 343 1.6153886397721159e-27 70515.00951059109 0.24981705423780556 3
50 "O VI" 1031.912 2 13.704752333600958 119.91757261384635 22.024630151678497 348 405 3.6980650050898064e-27 23235.145422949496 0.17119966507460246 3
51 "O VI" 1031.912 2 12.915866303484249 -11.565418222827626 6.408184207881822 541 592 1.8716625547623864e-27 34649.46916345341 0.061926426109742035 3
52 "O VI" 1031.912 2 13.957533539219657 262.236794474236 15.889231847766323 613 681 7.967605670264803e-28 239941.05046464206 0.12753639387499643 3
53 "O VI" 1031.912 2 14.531257861316462 150.3445525631682 53.52293378552435 746 899 4.824261712518682e-28 226179.9900532182 0.25275583457780126 3
