 name wave redshift col_dens delta_v vel_dispersion interval_start interval_end density temperature metallicity lightray_index
0 "O VI" 1031.912 2 13.204725972130195 -131.5879199384516 49.69530804467727 0 52 1.5011173938297127e-27 519769.8176892225 0.05567181308944934 0
1 "O VI" 1031.912 2 13.868861916065773 -115.16709993136016 10.321254918619733 112 118 6.498003199460344e-27 472768.35487121297 0.3333480338193328 0
2 "O VI" 1031.912 2 13.528558131661208 -78.34869883066261 6.11730713553133 119 122 7.564674764923075e-27 371204.73162930686 0.3364273434959957 0
3 "O VI" 1031.912 2 14.249211728764072 -44.8690302375171 40.625175466125185 191 320 4.376856731378682e-27 279800.04810613795 0.2866125995409993 0
4 "O VI" 1031.912 2 12.960035088227718 -86.08458489953571 64.78163616819806 347 498 3.6899001857322815e-27 15990.322223643754 0.10111000907786785 0
5 "O VI" 1031.912 2 12.817928267726865 -115.94758621387713 20.917415192005173 631 672 1.0964506095565924e-27 72374.65300702945 0.02464328437687033 0
6 "O VI" 1031.912 2 12.988302244263503 34.750948874420644 18.453964642722156 675 680 3.5690496924172673e-28 365518.0610731202 0.13282825646547966 0
7 "O VI" 1031.912 2 13.06331647227568 -127.0685624553149 33.07060034738462 870 905 1.8561466562375763e-27 149969.12515133288 0.06792313927392818 0
8 "O VI" 1031.912 2 13.63825163704425 -185.88571838025337 10.305064682354127 905 1024 2.3199548032144673e-27 71959.31995671026 0.047466341594488384 0
9 "O VI" 1031.912 2 13.476238067563484 -12.847402246314072 82.4024233838885 1119 1220 2.5068580502056098e-27 11261.8601868786 0.16941804598893198 0
10 "O VI" 1031.912 2 13.938048549011521 103.6207385112078 30.033181333134433 1232 1247 6.77128560149382e-27 179851.4714158806 0.15338495406560063 0
11 "O VI" 1031.912 2 12.974667379369496 181.2859617347239 29.087888246103304 1269 1300 4.521529757958384e-27 59384.43028618334 0.10529052258307009 0
12 "O VI" 1031.912 2 13.21747962385765 -3.5325261669155283 26.5779659912688 1663 1710 2.4387038802047505e-28 833505.1021776868 0.23341267975966068 0
13 "O VI" 1031.912 2 13.319739146556818 69.8051584992798 24.2860428076335 1767 1789 4.057408307688659e-28 98556.4833794235 0.039492171377578926 0
14 "O VI" 1031.912 2 12.961472416534717 15.522050698457171 18.828585860009166 1 11 5.048283989869654e-29 404252.8253101483 0.4661114414177121 1
15 "O VI" 1031.912 2 12.826450207298686 53.052092021726935 13.023221732046606 110 171 3.703477102622214e-27 202504.50441960982 0.04639529147324199 1
16 "O VI" 1031.912 2 12.976280878804118 31.343729054889494 20.593833080079914 174 211 3.423263032180441e-27 57139.28098758048 0.03294689477442931 1
17 "O VI" 1031.912 2 13.057709640740821 -165.59699437456808 22.59224102080545 723 832 3.887991199950474e-27 16366.143814402436 0.06845687248730288 1
18 "O VI" 1031.912 2 12.823454891602054 202.80117344929306 84.02615443599355 898 911 6.040244436067138e-27 19478.766964396626 0.4167979878017865 1
19 "O VI" 1031.912 2 14.14653577637202 174.28493448444425 48.42438895506552 982 1027 4.0159269257483215e-27 141589.66131522044 0.32014183220797704 1
20 "O VI" 1031.912 2 13.338038731920868 70.65668650475203 50.52457857632541 1100 1165 5.558454565258841e-27 26962.49753264658 0.3230423006305896 1
21 "O VI" 1031.912 2 13.691865871074956 -64.02756694124533 39.15640329261967 1187 1226 8.752341916264528e-28 344858.5740715166 0.39611724431491924 1
22 "O VI" 1031.912 2 13.037112991367731 36.028543453414784 23.483818702885426 1239 1257 1.9332871271558914e-27 155437.37728628682 0.4490592324530506 1
23 "O VI" 1031.912 2 13.431602685512086 123.48018495278507 16.882729851655746 1412 1437 1.9673086389463056e-27 640635.5091929117 0.2004625235767157 1
24 "O VI" 1031.912 2 12.930427815649361 173.07939766003503 6.927112838951313 1462 1470 6.305448249212282e-27 193517.8612811454 0.12935908821518996 1
25 "O VI" 1031.912 2 12.864876448869078 79.19149583278751 72.4456492665324 1473 1521 1.2349674513044709e-27 661190.2983064235 0.23382958589193054 1
26 "O VI" 1031.912 2 13.914240201979785 154.0407053397521 45.319976064039984 1546 1565 4.891572030095472e-27 198696.19862306552 0.2825679832238339 1
27 "O VI" 1031.912 2 12.983225201862377 77.65803774169322 21.199240017814905 1619 1639 3.6258378088501008e-28 400985.78316228057 0.30526087602625546 1
28 "O VI" 1031.912 2 12.810659475808961 181.7534936546882 3.7991381689064347 1796 1841 3.736965090947102e-28 222933.52209264168 0.0053737633171088055 1
29 "O VI" 1031.912 2 12.802967539393258 123.26844464091738 18.556184041183712 1843 1857 1.0230387089606479e-27 284718.0166285965 0.0034121634283601062 1
30 "O VI" 1031.912 2 13.056841762368792 -222.1705188744745 9.84100518351436 453 456 2.5622818555120483e-27 526420.3665137687 0.14458863676932324 2
31 "O VI" 1031.912 2 12.887212869379637 -122.28382471071465 15.772605314495983 468 493 4.728408583558061e-27 69440.62055523138 0.12799748109260461 2
32 "O VI" 1031.912 2 13.510368920091809 -250.38129553432302 49.305682621274414 556 580 1.745936022274478e-27 290589.7439446982 0.21122293789890345 2
33 "O VI" 1031.912 2 13.13549582181419 -367.4534219804913 24.424554043372762 616 638 3.98370104690589e-27 42605.93712364519 0.271959573520695 2
34 "O VI" 1031.912 2 14.232027963774822 -280.2121836648128 4.868892600717049 643 656 8.633354375977738e-28 385367.6165646933 0.9729725001018632 2
35 "O VI" 1031.912 2 13.587775364694405 35.38755989874496 9.027845751420644 0 19 3.5116303363518322e-28 51838.90317129221 0.023394466098376875 3
36 "O VI" 1031.912 2 14.192627947561416 251.03714829324304 28.750794967807483 118 229 3.8339242140320687e-28 159452.56612138415 0.4918730307130917 3
37 "O VI" 1031.912 2 14.112292156657315 253.3916058648286 59.314755357410306 240 343 1.6153886397721159e-27 70515.00951059109 0.24981705423780556 3
38 "O VI" 1031.912 2 13.453740095849396 119.91757261384633 22.024630151678497 348 405 3.6980650050898064e-27 23235.145422949496 0.17119966507460246 3
39 "O VI" 1031.912 2 13.706521301468094 262.23679447423586 15.889231847766323 613 681 7.967605670264803e-28 239941.05046464206 0.12753639387499643 3
40 "O VI" 1031.912 2 14.2802456235649 150.34455256316818 53.52293378552436 746 899 4.824261712518682e-28 226179.9900532182 0.25275583457780126 3
