 name wave redshift col_dens delta_v vel_dispersion interval_start interval_end density temperature metallicity lightray_index
0 "O VI" 1031.912 2 13.384078195721083 -131.58791993845162 49.695308044677276 0 52 1.5011173938297127e-27 519769.8176892225 0.05567181308944934 0
1 "O VI" 1031.912 2 14.048214139656661 -115.16709993136011 10.321254918619728 112 118 6.498003199460344e-27 472768.35487121297 0.3333480338193328 0
2 "O VI" 1031.912 2 13.707910355252094 -78.34869883066261 6.117307135531332 119 122 7.564674764923075e-27 371204.73162930686 0.3364273434959957 0
3 "O VI" 1031.912 2 14.42856395235496 -44.869030237517094 40.625175466125185 191 320 4.376856731378682e-27 279800.04810613795 0.2866125995409993 0
4 "O VI" 1031.912 2 13.139387311818606 -86.08458489953574 64.78163616819808 347 498 3.6899001857322815e-27 15990.322223643754 0.10111000907786785 0
5 "O VI" 1031.912 2 12.997280491317753 -115.94758621387712 20.91741519200517 631 672 1.0964506095565924e-27 72374.65300702945 0.02464328437687033 0
6 "O VI" 1031.912 2 13.16765446785439 34.750948874420644 18.453964642722152 675 680 3.5690496924172673e-28 365518.0610731202 0.13282825646547966 0
7 "O VI" 1031.912 2 12.918849447023852 -142.36778608394926 6.886003933497471 833 844 1.8485421379131516e-27 72672.98004584468 0.032161194624548396 0
8 "O VI" 1031.912 2 13.242668695866568 -127.06856245531485 33.07060034738462 870 905 1.8561466562375763e-27 149969.12515133288 0.06792313927392818 0
9 "O VI" 1031.912 2 13.817603860635138 -185.8857183802534 10.305064682354127 905 1024 2.3199548032144673e-27 71959.31995671026 0.047466341594488384 0
10 "O VI" 1031.912 2 13.655590291154372 -12.84740224631408 82.4024233838885 1119 1220 2.5068580502056098e-27 11261.8601868786 0.16941804598893198 0
11 "O VI" 1031.912 2 14.117400772602409 103.6207385112078 30.033181333134436 1232 1247 6.77128560149382e-27 179851.4714158806 0.15338495406560063 0
12 "O VI" 1031.912 2 13.154019602960384 181.28596173472386 29.087888246103308 1269 1300 4.521529757958384e-27 59384.43028618334 0.10529052258307009 0
13 "O VI" 1031.912 2 12.922184130140145 179.52057971257415 24.435269564226555 1333 1365 6.3889691793899e-27 30218.167821390645 0.057537025346588375 0
14 "O VI" 1031.912 2 12.844078034874638 176.6013662415048 34.8706157176072 1372 1380 4.657569066413621e-27 41779.50688977555 0.06478238839238588 0
15 "O VI" 1031.912 2 12.928202143348146 39.76209093956676 74.99180500966285 1470 1482 1.6383458018212892e-27 326455.825785414 0.32619184812303137 0
16 "O VI" 1031.912 2 13.396831847448539 -3.532526166915529 26.577965991268798 1663 1710 2.4387038802047505e-28 833505.1021776868 0.23341267975966068 0
17 "O VI" 1031.912 2 13.499091370147706 69.80515849927978 24.2860428076335 1767 1789 4.057408307688659e-28 98556.4833794235 0.039492171377578926 0
18 "O VI" 1031.912 2 13.140824640125604 15.522050698457168 18.828585860009163 1 11 5.048283989869654e-29 404252.8253101483 0.4661114414177121 1
19 "O VI" 1031.912 2 12.939214185832988 38.314855591734045 12.991731395083479 15 33 9.290435386687673e-29 731220.464813337 0.4326666419320841 1
20 "O VI" 1031.912 2 13.005802430889574 53.05209202172694 13.023221732046606 110 171 3.703477102622214e-27 202504.50441960982 0.04639529147324199 1
21 "O VI" 1031.912 2 13.155633102395006 31.34372905488949 20.593833080079914 174 211 3.423263032180441e-27 57139.28098758048 0.03294689477442931 1
22 "O VI" 1031.912 2 12.809527066131352 -14.159649340812967 6.014572517207176 249 269 3.158772357018276e-27 101374.29455929754 0.03426602165208526 1
23 "O VI" 1031.912 2 12.956019006163183 -69.54551602628057 15.9836275846399 536 600 3.068463889403071e-27 14204.316091484126 0.05510908866885996 1
24 "O VI" 1031.912 2 13.237061864331709 -165.59699437456806 22.592241020805442 723 832 3.887991199950474e-27 16366.143814402436 0.06845687248730288 1
25 "O VI" 1031.912 2 13.002807115192942 202.8011734492931 84.02615443599355 898 911 6.040244436067138e-27 19478.766964396626 0.4167979878017865 1
26 "O VI" 1031.912 2 14.325887999962907 174.28493448444425 48.424388955065524 982 1027 4.0159269257483215e-27 141589.66131522044 0.32014183220797704 1
27 "O VI" 1031.912 2 13.517390955511756 70.65668650475206 50.52457857632541 1100 1165 5.558454565258841e-27 26962.49753264658 0.3230423006305896 1
28 "O VI" 1031.912 2 13.871218094665844 -64.02756694124533 39.156403292619665 1187 1226 8.752341916264528e-28 344858.5740715166 0.39611724431491924 1
29 "O VI" 1031.912 2 13.21646521495862 36.02854345341479 23.48381870288543 1239 1257 1.9332871271558914e-27 155437.37728628682 0.4490592324530506 1
30 "O VI" 1031.912 2 13.610954909102972 123.48018495278505 16.882729851655746 1412 1437 1.9673086389463056e-27 640635.5091929117 0.2004625235767157 1
31 "O VI" 1031.912 2 13.109780039240247 173.07939766003508 6.927112838951312 1462 1470 6.305448249212282e-27 193517.8612811454 0.12935908821518996 1
32 "O VI" 1031.912 2 13.044228672459965 79.1914958327875 72.4456492665324 1473 1521 1.2349674513044709e-27 661190.2983064235 0.23382958589193054 1
33 "O VI" 1031.912 2 14.093592425570673 154.04070533975204 45.319976064039984 1546 1565 4.891572030095472e-27 198696.19862306552 0.2825679832238339 1
34 "O VI" 1031.912 2 13.162577425453264 77.65803774169322 21.199240017814905 1619 1639 3.6258378088501008e-28 400985.78316228057 0.30526087602625546 1
35 "O VI" 1031.912 2 12.99001169939985 181.7534936546881 3.7991381689064334 1796 1841 3.736965090947102e-28 222933.52209264168 0.0053737633171088055 1
36 "O VI" 1031.912 2 12.982319762984146 123.2684446409174 18.556184041183716 1843 1857 1.0230387089606479e-27 284718.0166285965 0.0034121634283601062 1
37 "O VI" 1031.912 2 12.915774049566396 -205.9388468894937 3.5887036360484124 0 11 5.55747589521526e-29 303844.28436549974 0.07617904575543585 2
38 "O VI" 1031.912 2 13.23619398595968 -222.1705188744745 9.841005183514358 453 456 2.5622818555120483e-27 526420.3665137687 0.14458863676932324 2
39 "O VI" 1031.912 2 13.066565092970524 -122.2838247107147 15.772605314495983 468 493 4.728408583558061e-27 69440.62055523138 0.12799748109260461 2
40 "O VI" 1031.912 2 13.689721143682696 -250.38129553432293 49.305682621274414 556 580 1.745936022274478e-27 290589.7439446982 0.21122293789890345 2
41 "O VI" 1031.912 2 13.314848045405078 -367.4534219804912 24.424554043372762 616 638 3.98370104690589e-27 42605.93712364519 0.271959573520695 2
42 "O VI" 1031.912 2 14.41138018736571 -280.21218366481287 4.868892600717049 643 656 8.633354375977738e-28 385367.6165646933 0.9729725001018632 2
43 "O VI" 1031.912 2 13.767127588285293 35.387559898744975 9.027845751420646 0 19 3.5116303363518322e-28 51838.90317129221 0.023394466098376875 3
44 "O VI" 1031.912 2 12.856910695533696 299.78118708265146 5.156638991590821 95 106 8.424895026738852e-29 491912.46935398347 0.5816940819875852 3
45 "O VI" 1031.912 2 14.371980171152302 251.03714829324298 28.75079496780748 118 229 3.8339242140320687e-28 159452.56612138415 0.4918730307130917 3
46 "O VI" 1031.912 2 14.291644380248202 253.39160586482845 59.314755357410306 240 343 1.6153886397721159e-27 70515.00951059109 0.24981705423780556 3
47 "O VI" 1031.912 2 13.633092319440282 119.91757261384637 22.024630151678497 348 405 3.6980650050898064e-27 23235.145422949496 0.17119966507460246 3
48 "O VI" 1031.912 2 12.844206289323573 -11.56541822282763 6.408184207881823 541 592 1.8716625547623864e-27 34649.46916345341 0.061926426109742035 3
49 "O VI" 1031.912 2 13.885873525058981 262.2367944742359 15.889231847766323 613 681 7.967605670264803e-28 239941.05046464206 0.12753639387499643 3
50 "O VI" 1031.912 2 14.459597847155788 150.34455256316818 53.522933785524344 746 899 4.824261712518682e-28 226179.9900532182 0.25275583457780126 3
