 name wave redshift col_dens delta_v vel_dispersion interval_start interval_end density temperature metallicity lightray_index
0 "O VI" 1031.912 2 13.176960209311368 -131.58791993845162 49.695308044677276 0 52 1.5011173938297127e-27 519769.8176892225 0.05567181308944934 0
1 "O VI" 1031.912 2 13.841096153246944 -115.16709993136011 10.321254918619728 112 118 6.498003199460344e-27 472768.35487121297 0.3333480338193328 0
2 "O VI" 1031.912 2 13.50079236884238 -78.34869883066261 6.117307135531324 119 122 7.564674764923075e-27 371204.73162930686 0.3364273434959957 0
3 "O VI" 1031.912 2 14.221445965945245 -44.8690302375171 40.62517546612519 191 320 4.376856731378682e-27 279800.04810613795 0.2866125995409993 0
4 "O VI" 1031.912 2 12.93226932540889 -86.08458489953573 64.78163616819808 347 498 3.6899001857322815e-27 15990.322223643754 0.10111000907786785 0
5 "O VI" 1031.912 2 12.960536481444676 34.75094887442064 18.45396464272215 675 680 3.5690496924172673e-28 365518.0610731202 0.13282825646547966 0
6 "O VI" 1031.912 2 13.035550709456853 -127.06856245531488 33.07060034738462 870 905 1.8561466562375763e-27 149969.12515133288 0.06792313927392818 0
7 "O VI" 1031.912 2 13.610485874225423 -185.8857183802533 10.305064682354127 905 1024 2.3199548032144673e-27 71959.31995671026 0.047466341594488384 0
8 "O VI" 1031.912 2 13.448472304744655 -12.847402246314074 82.4024233838885 1119 1220 2.5068580502056098e-27 11261.8601868786 0.16941804598893198 0
9 "O VI" 1031.912 2 13.910282786192692 103.62073851120783 30.03318133313444 1232 1247 6.77128560149382e-27 179851.4714158806 0.15338495406560063 0
10 "O VI" 1031.912 2 12.946901616550669 181.28596173472383 29.08788824610331 1269 1300 4.521529757958384e-27 59384.43028618334 0.10529052258307009 0
11 "O VI" 1031.912 2 13.189713861038822 -3.5325261669155292 26.5779659912688 1663 1710 2.4387038802047505e-28 833505.1021776868 0.23341267975966068 0
12 "O VI" 1031.912 2 13.291973383737991 69.80515849927981 24.286042807633503 1767 1789 4.057408307688659e-28 98556.4833794235 0.039492171377578926 0
13 "O VI" 1031.912 2 12.93370665371589 15.52205069845717 18.828585860009163 1 11 5.048283989869654e-29 404252.8253101483 0.4661114414177121 1
14 "O VI" 1031.912 2 12.948515115985291 31.343729054889494 20.593833080079914 174 211 3.423263032180441e-27 57139.28098758048 0.03294689477442931 1
15 "O VI" 1031.912 2 13.029943877921994 -165.59699437456803 22.592241020805442 723 832 3.887991199950474e-27 16366.143814402436 0.06845687248730288 1
16 "O VI" 1031.912 2 14.118770013553192 174.28493448444414 48.42438895506552 982 1027 4.0159269257483215e-27 141589.66131522044 0.32014183220797704 1
17 "O VI" 1031.912 2 13.310272969102039 70.65668650475205 50.5245785763254 1100 1165 5.558454565258841e-27 26962.49753264658 0.3230423006305896 1
18 "O VI" 1031.912 2 13.664100108256129 -64.02756694124535 39.156403292619665 1187 1226 8.752341916264528e-28 344858.5740715166 0.39611724431491924 1
19 "O VI" 1031.912 2 13.009347228548904 36.02854345341479 23.483818702885426 1239 1257 1.9332871271558914e-27 155437.37728628682 0.4490592324530506 1
20 "O VI" 1031.912 2 13.403836922693257 123.48018495278504 16.882729851655746 1412 1437 1.9673086389463056e-27 640635.5091929117 0.2004625235767157 1
21 "O VI" 1031.912 2 12.902662052830532 173.07939766003508 6.927112838951312 1462 1470 6.305448249212282e-27 193517.8612811454 0.12935908821518996 1
22 "O VI" 1031.912 2 12.83711068605025 79.19149583278751 72.4456492665324 1473 1521 1.2349674513044709e-27 661190.2983064235 0.23382958589193054 1
23 "O VI" 1031.912 2 13.886474439160958 154.04070533975212 45.319976064040006 1546 1565 4.891572030095472e-27 198696.19862306552 0.2825679832238339 1
24 "O VI" 1031.912 2 12.955459439043548 77.65803774169322 21.199240017814905 1619 1639 3.6258378088501008e-28 400985.78316228057 0.30526087602625546 1
25 "O VI" 1031.912 2 13.029075999549965 -222.1705188744745 9.841005183514353 453 456 2.5622818555120483e-27 526420.3665137687 0.14458863676932324 2
26 "O VI" 1031.912 2 12.859447106560808 -122.28382471071465 15.772605314495983 468 493 4.728408583558061e-27 69440.62055523138 0.12799748109260461 2
27 "O VI" 1031.912 2 13.482603157272981 -250.3812955343229 49.305682621274414 556 580 1.745936022274478e-27 290589.7439446982 0.21122293789890345 2
28 "O VI" 1031.912 2 13.107730058995363 -367.45342198049127 24.424554043372762 616 638 3.98370104690589e-27 42605.93712364519 0.271959573520695 2
29 "O VI" 1031.912 2 14.204262200955995 -280.21218366481287 4.868892600717049 643 656 8.633354375977738e-28 385367.6165646933 0.9729725001018632 2
30 "O VI" 1031.912 2 13.560009601875578 35.38755989874498 9.027845751420644 0 19 3.5116303363518322e-28 51838.90317129221 0.023394466098376875 3
31 "O VI" 1031.912 2 14.164862184742587 251.03714829324295 28.75079496780748 118 229 3.8339242140320687e-28 159452.56612138415 0.4918730307130917 3
32 "O VI" 1031.912 2 14.084526393838487 253.3916058648286 59.31475535741031 240 343 1.6153886397721159e-27 70515.00951059109 0.24981705423780556 3
33 "O VI" 1031.912 2 13.425974333030567 119.91757261384635 22.024630151678494 348 405 3.6980650050898064e-27 23235.145422949496 0.17119966507460246 3
34 "O VI" 1031.912 2 13.678755538649266 262.23679447423586 15.889231847766322 613 681 7.967605670264803e-28 239941.05046464206 0.12753639387499643 3
35 "O VI" 1031.912 2 14.252479860746071 150.34455256316818 53.52293378552436 746 899 4.824261712518682e-28 226179.9900532182 0.25275583457780126 3
