 name wave redshift col_dens delta_v vel_dispersion interval_start interval_end density temperature metallicity lightray_index
0 "C IV" 1548.187 2 13.451418595174848 -130.54895048585027 58.98378987853605 47 95 1.55638108640829e-25 10140.984317766395 0.1386460074367637 0
1 "C IV" 1548.187 2 13.577846748855176 -69.05905224965171 4.567322275185801 124 127 2.7985420456567414e-26 72039.73542000669 0.24946928746772956 0
2 "C IV" 1548.187 2 14.041080022327662 -15.289848865125446 88.75150658125517 134 142 1.6780906510305567e-25 13485.813780526994 0.2808831569660533 0
3 "C IV" 1548.187 2 14.536792533980833 -50.00171520631857 54.706459038320546 211 406 2.659011672185709e-26 12026.548493301203 0.24064127140323796 0
4 "C IV" 1548.187 2 14.254513983631067 -172.71220828594153 23.924262292573296 436 598 4.2638587717756574e-27 18130.675058426827 0.0671668018991294 0
5 "C IV" 1548.187 2 13.159732234861746 -105.83837285895312 41.40679727836653 727 774 1.5319446101722175e-26 18457.198797533812 0.016698611225037636 0
6 "C IV" 1548.187 2 14.591402067838242 -111.32266056409777 104.96196815605727 965 1235 3.6736551067093305e-26 14269.097002197552 0.11499934380918105 0
7 "C IV" 1548.187 2 13.696300594954023 132.08442879496218 48.97542505178872 1243 1277 2.2572433788887007e-26 24206.233921080093 0.09543369196300855 0
8 "C IV" 1548.187 2 13.615779841251818 183.1327505543645 23.831439219490395 1295 1338 7.24400430507967e-26 11240.69548733119 0.08551951610780219 0
9 "C IV" 1548.187 2 13.373865214149934 225.82703174864807 4.979436851786466 1351 1379 1.5652531114077793e-26 16023.336440752246 0.041619537728766115 0
10 "C IV" 1548.187 2 13.381783157995669 230.28959050996855 15.761629979067804 1408 1442 4.573129617951669e-26 17351.324398337496 0.03390840544209793 0
11 "C IV" 1548.187 2 13.024243059002528 -71.24462029255203 7.675973373806625 395 425 9.085769517884701e-27 17426.696785846194 0.015833631705535665 1
12 "C IV" 1548.187 2 13.499454902734776 -87.48284060464651 10.41953131145748 442 517 6.401035981167497e-27 18982.17746787663 0.014576053866572188 1
13 "C IV" 1548.187 2 14.609491101116525 -102.36285359707304 35.81501298550801 534 785 3.428938957274708e-26 11968.672830212343 0.12094656863164469 1
14 "C IV" 1548.187 2 13.869668998286802 -209.9504799529369 23.731652555954742 785 873 9.426730077166467e-27 14586.74701526349 0.04374114858552157 1
15 "C IV" 1548.187 2 13.435966592268073 60.630231557738625 15.794608750468438 892 901 1.2636949968886526e-25 9628.213289653908 0.17680753780477762 1
16 "C IV" 1548.187 2 13.804245712944638 217.23559505601546 28.19052366918527 903 920 1.4824966236738318e-25 6601.305530427448 0.8913222612792852 1
17 "C IV" 1548.187 2 13.454685990057309 225.0127843183635 17.512666198816696 934 937 1.8374956563584403e-25 5940.237673517229 1.0095713054770827 1
18 "C IV" 1548.187 2 13.299918135616922 318.5851208520689 7.107956769349221 975 986 1.8042519482449494e-25 9677.736873400914 0.20209238894639506 1
19 "C IV" 1548.187 2 13.360451327602066 218.35811445894123 29.710506705463686 988 999 4.378034098806152e-27 179410.0844805244 0.4508076477601325 1
20 "C IV" 1548.187 2 13.30689464997525 177.2505405504467 15.801506776286455 1000 1011 2.516518553998428e-27 58918.96058189509 0.19745545196980366 1
21 "C IV" 1548.187 2 14.316797768377462 119.77300984518055 15.938054689426798 1102 1136 6.136277326761962e-27 14463.913153167838 0.30770373827126646 1
22 "C IV" 1548.187 2 13.604188340576174 70.86166473245093 13.945753029034075 1149 1162 1.937445971965293e-27 51427.703652265605 0.4247267809515107 1
23 "C IV" 1548.187 2 13.292065777617468 -45.24254756969298 10.526173554868485 1197 1207 1.429425510228553e-27 117319.01538205487 0.3518376519365673 1
24 "C IV" 1548.187 2 13.46882579761394 43.370266188664374 7.54482346108191 1242 1252 2.1723249575266557e-27 76577.1959671034 0.4451760374076283 1
25 "C IV" 1548.187 2 13.210241295500593 191.62179645201135 13.846686334570958 1467 1475 1.219492885661818e-26 32617.70624284827 0.09926804105296098 1
26 "C IV" 1548.187 2 13.642878820601842 245.67569527913892 22.120921185129514 1550 1562 5.061133370734928e-27 45547.85177119897 0.2805559942273626 1
27 "C IV" 1548.187 2 13.709167707500647 -218.45401176488014 12.60280641806671 265 296 2.812861054480879e-26 11949.824983257977 0.07667816189328516 2
28 "C IV" 1548.187 2 14.327342974865328 -277.0004060337469 13.69035512460843 301 407 5.614131507285473e-26 10794.867702664458 0.11465964349727553 2
29 "C IV" 1548.187 2 13.168000481034756 -272.6713185706125 19.952333091919954 439 453 6.895951542810961e-27 37683.833104651385 0.07502293543953245 2
30 "C IV" 1548.187 2 13.564120175857054 -78.87232622919154 12.78008770113103 460 479 1.2807556626061274e-26 26895.713671929447 0.10782386900691115 2
31 "C IV" 1548.187 2 13.580335078322122 -138.30938354463436 31.537359461692958 542 558 1.0812942797184116e-25 10253.603358446595 0.2175069336195511 2
32 "C IV" 1548.187 2 13.744489324535046 -328.9265268719939 9.130572456838095 617 630 4.3062427436186456e-27 29509.196396794196 0.27072016124073256 2
33 "C IV" 1548.187 2 13.081097428686135 36.315783000409915 8.027945910038921 790 803 1.1688684703199926e-26 18255.956843425894 0.03598626674700585 2
34 "C IV" 1548.187 2 13.711018784931577 218.07073261322122 6.901185956759135 202 222 6.153201871955344e-28 67826.21207943239 0.45671339408314804 3
35 "C IV" 1548.187 2 13.803955309892038 185.45758829710195 22.666977032109777 268 322 6.807511710451251e-28 12214.42232446856 0.18823488991809872 3
36 "C IV" 1548.187 2 13.640074508665938 138.52854797817213 30.208871157217267 339 368 1.9990567166754293e-26 20738.218574063096 0.13813569321149688 3
37 "C IV" 1548.187 2 14.369159286009806 117.13156084590265 60.987163595173236 379 605 9.292599951210686e-26 11353.912647934878 0.07090005312415096 3
38 "C IV" 1548.187 2 13.345650786887559 262.22715961189505 7.468286829349688 685 703 1.0998222989185352e-26 22888.95438679835 0.09208626821434551 3
39 "C IV" 1548.187 2 13.130023112160274 190.00185276026747 13.537723046239627 804 848 5.66537392978551e-28 114053.55101931198 0.2059148727181829 3
