 name wave redshift col_dens delta_v vel_dispersion interval_start interval_end density temperature metallicity lightray_index
0 "C IV" 1548.187 2 13.508193619846878 -130.54895048585024 58.98378987853606 47 95 1.55638108640829e-25 10140.984317766395 0.1386460074367637 0
1 "C IV" 1548.187 2 13.634621773527206 -69.05905224965171 4.567322275185801 124 127 2.7985420456567414e-26 72039.73542000669 0.24946928746772956 0
2 "C IV" 1548.187 2 14.097855046999692 -15.289848865125443 88.75150658125504 134 142 1.6780906510305567e-25 13485.813780526994 0.2808831569660533 0
3 "C IV" 1548.187 2 14.593567558652863 -50.00171520631858 54.706459038320546 211 406 2.659011672185709e-26 12026.548493301203 0.24064127140323796 0
4 "C IV" 1548.187 2 14.311289008303097 -172.71220828594156 23.924262292573296 436 598 4.2638587717756574e-27 18130.675058426827 0.0671668018991294 0
5 "C IV" 1548.187 2 13.02785098242702 -74.85920502695602 7.554002728943357 615 647 3.240231099894987e-27 39630.89680778577 0.022985878826695543 0
6 "C IV" 1548.187 2 13.216507259533776 -105.83837285895311 41.40679727836653 727 774 1.5319446101722175e-26 18457.198797533812 0.016698611225037636 0
7 "C IV" 1548.187 2 14.648177092510272 -111.32266056409777 104.96196815605725 965 1235 3.6736551067093305e-26 14269.097002197552 0.11499934380918105 0
8 "C IV" 1548.187 2 13.753075619626053 132.0844287949622 48.975425051788726 1243 1277 2.2572433788887007e-26 24206.233921080093 0.09543369196300855 0
9 "C IV" 1548.187 2 13.672554865923848 183.1327505543645 23.8314392194904 1295 1338 7.24400430507967e-26 11240.69548733119 0.08551951610780219 0
10 "C IV" 1548.187 2 13.430640238821963 225.82703174864807 4.979436851786467 1351 1379 1.5652531114077793e-26 16023.336440752246 0.041619537728766115 0
11 "C IV" 1548.187 2 13.438558182667698 230.28959050996852 15.761629979067806 1408 1442 4.573129617951669e-26 17351.324398337496 0.03390840544209793 0
12 "C IV" 1548.187 2 13.01647447276001 14.168117407990605 4.471186734109149 178 208 3.591929353903497e-27 41403.69857422478 0.029749583947858566 1
13 "C IV" 1548.187 2 13.209004899914794 -14.338505615229824 13.84205900669947 208 253 1.8059018646808273e-26 14765.359306146152 0.020904636030443086 1
14 "C IV" 1548.187 2 13.123577336548793 -70.19180490589649 8.03716258691279 390 425 8.864327690470098e-27 18867.476230621454 0.01586351012003381 1
15 "C IV" 1548.187 2 14.770752949215991 -117.0577713726268 50.579810760522996 442 873 2.5794549477167313e-26 13712.02478035003 0.09069677428678903 1
16 "C IV" 1548.187 2 14.021042708679463 169.63739573221002 78.85052945223683 892 922 5.739503043285092e-25 3988.3091259754474 0.8481535945453138 1
17 "C IV" 1548.187 2 13.511461014729338 225.01278431836352 17.51266619881668 934 937 1.8374956563584403e-25 5940.237673517229 1.0095713054770827 1
18 "C IV" 1548.187 2 13.362600063427918 318.8109300762442 7.381924737505076 973 986 2.7311442480391977e-25 8740.601499749237 0.2082329302551378 1
19 "C IV" 1548.187 2 13.4259166695864 219.7667948940102 31.389598475334225 986 999 4.194521045546005e-27 180460.56576940202 0.448279230415055 1
20 "C IV" 1548.187 2 13.36366967464728 177.25054055044666 15.801506776286455 1000 1011 2.516518553998428e-27 58918.96058189509 0.19745545196980366 1
21 "C IV" 1548.187 2 14.374353131054106 119.69121814000393 16.04436722685905 1102 1138 6.1161572928474134e-27 14650.539012753821 0.307768377445903 1
22 "C IV" 1548.187 2 13.661187837478476 70.87340848700714 13.952039763229019 1148 1162 1.93470234603505e-27 51602.11079427322 0.4248188804269279 1
23 "C IV" 1548.187 2 13.348840802289498 -45.24254756969297 10.526173554868484 1197 1207 1.429425510228553e-27 117319.01538205487 0.3518376519365673 1
24 "C IV" 1548.187 2 13.52560082228597 43.37026618866437 7.544823461081908 1242 1252 2.1723249575266557e-27 76577.1959671034 0.4451760374076283 1
25 "C IV" 1548.187 2 13.267016320172623 191.62179645201132 13.846686334570954 1467 1475 1.219492885661818e-26 32617.70624284827 0.09926804105296098 1
26 "C IV" 1548.187 2 13.716806979110347 246.93787413936383 22.69033826856627 1550 1564 4.860950002152359e-27 51434.99079691277 0.28628295521282165 1
27 "C IV" 1548.187 2 13.765942732172677 -218.45401176488016 12.602806418066711 265 296 2.812861054480879e-26 11949.824983257977 0.07667816189328516 2
28 "C IV" 1548.187 2 14.384117999537358 -277.00040603374686 13.69035512460843 301 407 5.614131507285473e-26 10794.867702664458 0.11465964349727553 2
29 "C IV" 1548.187 2 13.224775505706786 -272.67131857061247 19.952333091919954 439 453 6.895951542810961e-27 37683.833104651385 0.07502293543953245 2
30 "C IV" 1548.187 2 13.620895200529084 -78.87232622919153 12.780087701131029 460 479 1.2807556626061274e-26 26895.713671929447 0.10782386900691115 2
31 "C IV" 1548.187 2 13.63711010299415 -138.30938354463436 31.53735946169296 542 558 1.0812942797184116e-25 10253.603358446595 0.2175069336195511 2
32 "C IV" 1548.187 2 13.801264349207075 -328.926526871994 9.130572456838093 617 630 4.3062427436186456e-27 29509.196396794196 0.27072016124073256 2
33 "C IV" 1548.187 2 13.137872453358165 36.31578300040991 8.027945910038921 790 803 1.1688684703199926e-26 18255.956843425894 0.03598626674700585 2
34 "C IV" 1548.187 2 13.767793809603607 218.07073261322122 6.901185956759135 202 222 6.153201871955344e-28 67826.21207943239 0.45671339408314804 3
35 "C IV" 1548.187 2 13.03418470556972 265.4875914892828 5.2822851521556675 260 265 4.496705948753548e-28 81947.35252376675 0.45434995351722973 3
36 "C IV" 1548.187 2 13.860730334564067 185.45758829710195 22.666977032109777 268 322 6.807511710451251e-28 12214.42232446856 0.18823488991809872 3
37 "C IV" 1548.187 2 13.696849533337968 138.5285479781721 30.20887115721726 339 368 1.9990567166754293e-26 20738.218574063096 0.13813569321149688 3
38 "C IV" 1548.187 2 14.425934310681836 117.13156084590267 60.987163595173236 379 605 9.292599951210686e-26 11353.912647934878 0.07090005312415096 3
39 "C IV" 1548.187 2 13.402425811559588 262.22715961189493 7.468286829349687 685 703 1.0998222989185352e-26 22888.95438679835 0.09208626821434551 3
40 "C IV" 1548.187 2 13.186798136832303 190.00185276026752 13.537723046239627 804 848 5.66537392978551e-28 114053.55101931198 0.2059148727181829 3
