 name wave redshift col_dens delta_v vel_dispersion interval_start interval_end density temperature metallicity lightray_index
0 "O VI" 1031.912 2 13.466812485161585 -131.5879199384516 49.695308044677276 0 52 1.5011173938297127e-27 519769.8176892225 0.05567181308944934 0
1 "O VI" 1031.912 2 14.130948429097161 -115.16709993136013 10.321254918619728 112 118 6.498003199460344e-27 472768.35487121297 0.3333480338193328 0
2 "O VI" 1031.912 2 13.790644644692597 -78.34869883066261 6.117307135531325 119 122 7.564674764923075e-27 371204.73162930686 0.3364273434959957 0
3 "O VI" 1031.912 2 12.828553269611389 -75.270073226199 3.7784671331315343 123 126 1.60056627598569e-26 137837.395315043 0.2641166600509847 0
4 "O VI" 1031.912 2 14.511298241795462 -44.869030237517094 40.625175466125185 191 320 4.376856731378682e-27 279800.04810613795 0.2866125995409993 0
5 "O VI" 1031.912 2 13.222121601259108 -86.08458489953576 64.78163616819808 347 498 3.6899001857322815e-27 15990.322223643754 0.10111000907786785 0
6 "O VI" 1031.912 2 13.080014780758253 -115.94758621387713 20.917415192005176 631 672 1.0964506095565924e-27 72374.65300702945 0.02464328437687033 0
7 "O VI" 1031.912 2 13.250388757294893 34.75094887442064 18.453964642722152 675 680 3.5690496924172673e-28 365518.0610731202 0.13282825646547966 0
8 "O VI" 1031.912 2 13.001583736464355 -142.36778608394928 6.886003933497473 833 844 1.8485421379131516e-27 72672.98004584468 0.032161194624548396 0
9 "O VI" 1031.912 2 13.32540298530707 -127.0685624553149 33.07060034738462 870 905 1.8561466562375763e-27 149969.12515133288 0.06792313927392818 0
10 "O VI" 1031.912 2 13.90033815007564 -185.88571838025334 10.305064682354125 905 1024 2.3199548032144673e-27 71959.31995671026 0.047466341594488384 0
11 "O VI" 1031.912 2 13.738324580594872 -12.847402246314072 82.4024233838885 1119 1220 2.5068580502056098e-27 11261.8601868786 0.16941804598893198 0
12 "O VI" 1031.912 2 14.200135062042909 103.62073851120783 30.033181333134433 1232 1247 6.77128560149382e-27 179851.4714158806 0.15338495406560063 0
13 "O VI" 1031.912 2 13.236753892400886 181.2859617347238 29.087888246103304 1269 1300 4.521529757958384e-27 59384.43028618334 0.10529052258307009 0
14 "O VI" 1031.912 2 13.004918419580648 179.5205797125741 24.435269564226555 1333 1365 6.3889691793899e-27 30218.167821390645 0.057537025346588375 0
15 "O VI" 1031.912 2 12.92681232431514 176.60136624150476 34.870615717607144 1372 1380 4.657569066413621e-27 41779.50688977555 0.06478238839238588 0
16 "O VI" 1031.912 2 13.010936432788649 39.76209093956677 74.9918050096629 1470 1482 1.6383458018212892e-27 326455.825785414 0.32619184812303137 0
17 "O VI" 1031.912 2 13.479566136889039 -3.532526166915528 26.5779659912688 1663 1710 2.4387038802047505e-28 833505.1021776868 0.23341267975966068 0
18 "O VI" 1031.912 2 13.581825659588208 69.80515849927981 24.2860428076335 1767 1789 4.057408307688659e-28 98556.4833794235 0.039492171377578926 0
19 "O VI" 1031.912 2 13.223558929566106 15.522050698457166 18.828585860009163 1 11 5.048283989869654e-29 404252.8253101483 0.4661114414177121 1
20 "O VI" 1031.912 2 13.02194847527349 38.31485559173404 12.991731395083475 15 33 9.290435386687673e-29 731220.464813337 0.4326666419320841 1
21 "O VI" 1031.912 2 13.088536720330074 53.05209202172695 13.023221732046608 110 171 3.703477102622214e-27 202504.50441960982 0.04639529147324199 1
22 "O VI" 1031.912 2 13.238367391835508 31.343729054889486 20.59383308007991 174 211 3.423263032180441e-27 57139.28098758048 0.03294689477442931 1
23 "O VI" 1031.912 2 12.892261355571854 -14.15964934081297 6.014572517207178 249 269 3.158772357018276e-27 101374.29455929754 0.03426602165208526 1
24 "O VI" 1031.912 2 13.038753295603685 -69.54551602628058 15.983627584639896 536 600 3.068463889403071e-27 14204.316091484126 0.05510908866885996 1
25 "O VI" 1031.912 2 13.319796153772211 -165.59699437456806 22.592241020805442 723 832 3.887991199950474e-27 16366.143814402436 0.06845687248730288 1
26 "O VI" 1031.912 2 13.085541404633444 202.80117344929306 84.02615443599353 898 911 6.040244436067138e-27 19478.766964396626 0.4167979878017865 1
27 "O VI" 1031.912 2 14.408622289403409 174.28493448444422 48.42438895506552 982 1027 4.0159269257483215e-27 141589.66131522044 0.32014183220797704 1
28 "O VI" 1031.912 2 13.600125244952256 70.65668650475206 50.52457857632541 1100 1165 5.558454565258841e-27 26962.49753264658 0.3230423006305896 1
29 "O VI" 1031.912 2 13.953952384106346 -64.02756694124534 39.156403292619665 1187 1226 8.752341916264528e-28 344858.5740715166 0.39611724431491924 1
30 "O VI" 1031.912 2 13.299199504399121 36.028543453414784 23.483818702885426 1239 1257 1.9332871271558914e-27 155437.37728628682 0.4490592324530506 1
31 "O VI" 1031.912 2 13.693689198543474 123.48018495278508 16.88272985165575 1412 1437 1.9673086389463056e-27 640635.5091929117 0.2004625235767157 1
32 "O VI" 1031.912 2 13.19251432868075 173.07939766003506 6.927112838951311 1462 1470 6.305448249212282e-27 193517.8612811454 0.12935908821518996 1
33 "O VI" 1031.912 2 13.126962961900468 79.19149583278752 72.44564926653241 1473 1521 1.2349674513044709e-27 661190.2983064235 0.23382958589193054 1
34 "O VI" 1031.912 2 14.176326715011175 154.0407053397521 45.31997606404 1546 1565 4.891572030095472e-27 198696.19862306552 0.2825679832238339 1
35 "O VI" 1031.912 2 13.245311714893766 77.6580377416932 21.19924001781491 1619 1639 3.6258378088501008e-28 400985.78316228057 0.30526087602625546 1
36 "O VI" 1031.912 2 13.07274598884035 181.75349365468819 3.7991381689064347 1796 1841 3.736965090947102e-28 222933.52209264168 0.0053737633171088055 1
37 "O VI" 1031.912 2 13.065054052424646 123.26844464091741 18.556184041183716 1843 1857 1.0230387089606479e-27 284718.0166285965 0.0034121634283601062 1
38 "O VI" 1031.912 2 12.998508339006897 -205.93884688949376 3.588703636048413 0 11 5.55747589521526e-29 303844.28436549974 0.07617904575543585 2
39 "O VI" 1031.912 2 12.965285904184187 -189.55913867524785 16.738741518154313 75 137 1.0908093077628948e-28 818218.4969715574 0.272812803122864 2
40 "O VI" 1031.912 2 12.853175548430418 -250.8383267355088 23.290779215797315 262 275 6.810325758268512e-27 27548.622007363898 0.12063949052204623 2
41 "O VI" 1031.912 2 13.431669385656999 -219.7548790582959 27.79059412579806 433 456 6.099695508373512e-27 89720.7086452875 0.08432109186347835 2
42 "O VI" 1031.912 2 13.165756845820166 -122.51984781905225 19.36761628160428 463 504 6.88216374328608e-27 62127.727317339246 0.12167398682582642 2
43 "O VI" 1031.912 2 13.775177902145222 -250.28330840604295 49.79925743621687 554 585 6.493371397328434e-27 164307.1357350148 0.2034674831195544 2
44 "O VI" 1031.912 2 13.399577783465421 -367.44110574636943 24.36919230880227 616 640 3.9489405465779675e-27 51442.97911014807 0.2733042961915923 2
45 "O VI" 1031.912 2 14.49505448793394 -280.50079732613796 9.09130556823403 643 661 7.795927777615301e-28 479302.34756849677 0.9634997384748223 2
46 "O VI" 1031.912 2 13.849861877725795 35.387559898744975 9.027845751420646 0 19 3.5116303363518322e-28 51838.90317129221 0.023394466098376875 3
47 "O VI" 1031.912 2 12.939644984974196 299.7811870826514 5.15663899159082 95 106 8.424895026738852e-29 491912.46935398347 0.5816940819875852 3
48 "O VI" 1031.912 2 14.454714460592804 251.03714829324295 28.75079496780748 118 229 3.8339242140320687e-28 159452.56612138415 0.4918730307130917 3
49 "O VI" 1031.912 2 14.374378669688705 253.39160586482856 59.31475535741031 240 343 1.6153886397721159e-27 70515.00951059109 0.24981705423780556 3
50 "O VI" 1031.912 2 13.715826608880784 119.91757261384635 22.024630151678497 348 405 3.6980650050898064e-27 23235.145422949496 0.17119966507460246 3
51 "O VI" 1031.912 2 12.926940578764075 -11.56541822282763 6.408184207881823 541 592 1.8716625547623864e-27 34649.46916345341 0.061926426109742035 3
52 "O VI" 1031.912 2 13.968607814499483 262.2367944742358 15.889231847766323 613 681 7.967605670264803e-28 239941.05046464206 0.12753639387499643 3
53 "O VI" 1031.912 2 14.542332136596288 150.34455256316818 53.52293378552436 746 899 4.824261712518682e-28 226179.9900532182 0.25275583457780126 3
