 name wave redshift col_dens delta_v vel_dispersion interval_start interval_end density temperature metallicity lightray_index
0 "C II" 903.962 2 15.868505718904403 -77.56525763877175 32.141674866448504 48 95 1.5565310022442269e-25 10132.969582091808 0.13865534031019405 0
1 "C II" 903.962 2 13.70132911659715 -82.95137682504898  118 119 3.2992966096413396e-26 16765.383096186466 0.23381779762459276 0
2 "C II" 903.962 2 13.562267792999359 -70.55724976203268  122 123 3.5865350565931976e-26 16780.87717665171 0.2412587080589555 0
3 "C II" 903.962 2 13.76051828097578 -72.41065366450812 3.509502601775767 125 127 3.195433578742609e-26 47247.26432228391 0.24132710956232056 0
4 "C II" 903.962 2 15.603546020709997 -125.99908409705675 37.649438835564354 134 142 1.6780906510305567e-25 13485.813780526994 0.2808831569660533 0
5 "C II" 903.962 2 15.021685385164552 -81.98474770939569 21.135113410224047 301 348 3.067374414815798e-26 12268.10710435137 0.2572633318750183 0
6 "C II" 903.962 2 13.409871697031754 -189.46219688930918 8.231457245013695 466 502 5.9036055459755265e-27 15337.907295665562 0.1335781287760336 0
7 "C II" 903.962 2 13.141889758047284 -128.83124566420545 5.979155981888644 755 773 1.783431210340813e-26 13788.611748590407 0.016196102747475807 0
8 "C II" 903.962 2 14.235509154864634 -225.8533531460756 8.652708357346741 1054 1111 2.1176173388283414e-26 13359.121454896786 0.08850054918342733 0
9 "C II" 903.962 2 14.41559289238822 -152.55976057804506 22.21471116789358 1114 1119 7.9881294665308e-26 11177.194128232062 0.07375550300677572 0
10 "C II" 903.962 2 14.94558084359886 -50.34694059361855 47.70337137758528 1207 1235 4.7961137135323864e-26 12463.20381786535 0.1855345021901087 0
11 "C II" 903.962 2 14.180195784167497 151.5866200112224 35.37416316393459 1248 1275 2.3700690315942249e-26 17810.27819537829 0.09348722952532289 0
12 "C II" 903.962 2 13.084613769101088 173.77398104899353 4.84046868432729 1298 1302 1.3636207109523864e-26 29498.88503134262 0.09234823446967616 0
13 "C II" 903.962 2 15.105925403240283 197.60198405301202 9.460259822007277 1305 1336 7.46225484580696e-26 10111.901887231887 0.0848528890597585 0
14 "C II" 903.962 2 13.394015072336053 224.36836822469493 3.933130396691087 1354 1379 1.5841924969274022e-26 15757.660317836906 0.04125322901391146 0
15 "C II" 903.962 2 15.381042658782906 249.0482638404246 11.4110544141047 1388 1423 4.216116256188627e-25 9509.587853953535 0.02375482426012376 0
16 "C II" 903.962 2 13.847920996353468 248.58364864306546 5.499674710479448 1423 1434 3.715764720459326e-26 13949.71500868239 0.046208955585288924 0
17 "C II" 903.962 2 13.573044984884262 -13.652809442137436 6.8257395440800215 222 240 2.2335546683744187e-26 13871.214416581846 0.02472906103914375 1
18 "C II" 903.962 2 13.796683138751098 -120.82388761039016 10.359320503833656 599 634 1.8810956553727344e-26 13032.739921833145 0.06008016187904971 1
19 "C II" 903.962 2 15.25318541094155 -68.1955312023461 28.70828267584188 634 727 4.2359826530036034e-26 11063.510579854688 0.1421850978324976 1
20 "C II" 903.962 2 13.155120776279077 -204.56895836958213 22.411096194203196 826 853 8.865276449337957e-27 15572.729666623065 0.04019986571628591 1
21 "C II" 903.962 2 15.875775747683901 14.024641944356478 152.4813364652142 860 901 2.3859300994730085e-25 9455.747825713013 0.11405605181061704 1
22 "C II" 903.962 2 18.508036138320133 286.9024961913341 40.71731998527488 908 983 2.837147280579791e-23 309.469103232372 0.737985391191237 1
23 "C II" 903.962 2 13.762263428716318 126.1667718456891 12.710277514809475 1104 1132 6.4311169184762334e-27 11109.27167346417 0.3102140371714745 1
24 "C II" 903.962 2 13.280818351614796 195.49977724928806 10.217087009145557 1467 1475 1.219492885661818e-26 32617.70624284827 0.09926804105296098 1
25 "C II" 903.962 2 13.153680133142721 257.53737524408103 13.254865223321023 1553 1562 5.1349098233378604e-27 27294.200609207244 0.2856463249734544 1
26 "C II" 903.962 2 15.286102696529095 -241.48117360790044 10.661966026492964 271 313 9.058012974432e-26 10194.819659500117 0.08272768304807682 2
27 "C II" 903.962 2 13.90485743278335 -267.8237578810376 7.856733201523913 320 340 1.8464524419658024e-26 12546.530716655774 0.08918303529414788 2
28 "C II" 903.962 2 15.467073603184438 -285.09693989515404 10.086353603240283 340 413 6.03509579937719e-26 10639.136616551543 0.11726782740867453 2
29 "C II" 903.962 2 13.663396106592298 -69.71821938848703 10.31152314648485 460 474 1.355625689913437e-26 23569.206157078846 0.10662574530103908 2
30 "C II" 903.962 2 15.518083308435562 -105.57303919904047 9.121317672299963 542 554 1.1048510841445039e-25 9420.16748035256 0.21811176409740599 2
31 "C II" 903.962 2 13.424168433931873 41.996521347339126 3.3507957568647595 775 800 1.9059640269650844e-26 15858.334309402137 0.02202702788517333 2
32 "C II" 903.962 2 13.801509298539399 98.72646021739706 14.340195550683589 341 349 2.32055530386177e-26 16699.114996531425 0.127461630549372 3
33 "C II" 903.962 2 15.525209935203783 104.01171368468115 25.267503829536675 403 466 1.117326875480562e-25 10051.144472831269 0.06908137685657152 3
34 "C II" 903.962 2 13.574712092521292 141.5313337350052 30.291616840641325 475 488 1.432679166566961e-26 16334.423821104316 0.10511345819263172 3
35 "C II" 903.962 2 13.193463437625583 184.39018788693667 6.859126019784992 494 515 9.25650998185692e-27 15900.18877716244 0.057807486700064074 3
36 "C II" 903.962 2 14.190786008968702 151.35157382268065 17.186521825651802 515 537 2.5846789931750328e-26 12588.570345805338 0.08506953168306347 3
37 "C II" 903.962 2 13.39241834033866 262.12964208557537 4.132351723492072 686 700 1.1244206108573456e-26 21532.626395353982 0.09276131857705723 3
