 name wave redshift col_dens delta_v vel_dispersion interval_start interval_end density temperature metallicity lightray_index
0 "C II" 903.962 2 15.97262391446265 -77.56525763877175 32.1416748664485 48 95 1.5565310022442269e-25 10132.969582091808 0.13865534031019405 0
1 "C II" 903.962 2 13.805447312155396 -82.95137682504898  118 119 3.2992966096413396e-26 16765.383096186466 0.23381779762459276 0
2 "C II" 903.962 2 13.666385988557606 -70.55724976203268  122 123 3.5865350565931976e-26 16780.87717665171 0.2412587080589555 0
3 "C II" 903.962 2 13.864636476534027 -72.41065366450812 3.5095026017757682 125 127 3.195433578742609e-26 47247.26432228391 0.24132710956232056 0
4 "C II" 903.962 2 15.707664216268244 -125.99908409705675 37.649438835564354 134 142 1.6780906510305567e-25 13485.813780526994 0.2808831569660533 0
5 "C II" 903.962 2 15.125803580722799 -81.9847477093957 21.13511341022405 301 348 3.067374414815798e-26 12268.10710435137 0.2572633318750183 0
6 "C II" 903.962 2 13.51398989259 -189.46219688930915 8.231457245013695 466 502 5.9036055459755265e-27 15337.907295665562 0.1335781287760336 0
7 "C II" 903.962 2 13.053780882277422 -131.81672069966234 6.1195502163480695 738 754 1.3787045274100766e-26 21415.493840398634 0.015709999348446878 0
8 "C II" 903.962 2 13.246007953605531 -128.83124566420543 5.979155981888643 755 773 1.783431210340813e-26 13788.611748590407 0.016196102747475807 0
9 "C II" 903.962 2 14.33962735042288 -225.8533531460756 8.652708357346743 1054 1111 2.1176173388283414e-26 13359.121454896786 0.08850054918342733 0
10 "C II" 903.962 2 14.519711087946467 -152.55976057804506 22.214711167893583 1114 1119 7.9881294665308e-26 11177.194128232062 0.07375550300677572 0
11 "C II" 903.962 2 15.049699039157106 -50.34694059361854 47.703371377585285 1207 1235 4.7961137135323864e-26 12463.20381786535 0.1855345021901087 0
12 "C II" 903.962 2 14.284313979725743 151.58662001122232 35.374163163934575 1248 1275 2.3700690315942249e-26 17810.27819537829 0.09348722952532289 0
13 "C II" 903.962 2 13.188731964659334 173.7739810489936 4.840468684327291 1298 1302 1.3636207109523864e-26 29498.88503134262 0.09234823446967616 0
14 "C II" 903.962 2 15.210043598798528 197.60198405301222 9.46025982200728 1305 1336 7.46225484580696e-26 10111.901887231887 0.0848528890597585 0
15 "C II" 903.962 2 13.498133267894298 224.36836822469488 3.933130396691087 1354 1379 1.5841924969274022e-26 15757.660317836906 0.04125322901391146 0
16 "C II" 903.962 2 15.485160854341153 249.0482638404245 11.411054414104699 1388 1423 4.216116256188627e-25 9509.587853953535 0.02375482426012376 0
17 "C II" 903.962 2 13.952039191911714 248.58364864306546 5.49967471047945 1423 1434 3.715764720459326e-26 13949.71500868239 0.046208955585288924 0
18 "C II" 903.962 2 13.67716318044251 -13.652809442137437 6.8257395440800215 222 240 2.2335546683744187e-26 13871.214416581846 0.02472906103914375 1
19 "C II" 903.962 2 13.900801334309342 -120.82388761039019 10.359320503833654 599 634 1.8810956553727344e-26 13032.739921833145 0.06008016187904971 1
20 "C II" 903.962 2 15.357303606499796 -68.19553120234609 28.708282675841883 634 727 4.2359826530036034e-26 11063.510579854688 0.1421850978324976 1
21 "C II" 903.962 2 13.259238971837323 -204.56895836958216 22.41109619420319 826 853 8.865276449337957e-27 15572.729666623065 0.04019986571628591 1
22 "C II" 903.962 2 15.979893943242146 14.024641944356482 152.48133646521418 860 901 2.3859300994730085e-25 9455.747825713013 0.11405605181061704 1
23 "C II" 903.962 2 18.61215433387838 286.90249619133397 40.71731998527487 908 983 2.837147280579791e-23 309.469103232372 0.737985391191237 1
24 "C II" 903.962 2 13.866381624274565 126.16677184568908 12.710277514809473 1104 1132 6.4311169184762334e-27 11109.27167346417 0.3102140371714745 1
25 "C II" 903.962 2 13.00129773643393 42.67526746938027 4.995640410162546 1243 1249 2.498356855148661e-27 57281.25219538673 0.44523674309009437 1
26 "C II" 903.962 2 13.384936547173043 195.49977724928803 10.217087009145555 1467 1475 1.219492885661818e-26 32617.70624284827 0.09926804105296098 1
27 "C II" 903.962 2 13.257798328700968 257.5373752440811 13.254865223321021 1553 1562 5.1349098233378604e-27 27294.200609207244 0.2856463249734544 1
28 "C II" 903.962 2 15.390220892087342 -241.48117360790044 10.661966026492964 271 313 9.058012974432e-26 10194.819659500117 0.08272768304807682 2
29 "C II" 903.962 2 14.008975628341595 -267.82375788103764 7.856733201523915 320 340 1.8464524419658024e-26 12546.530716655774 0.08918303529414788 2
30 "C II" 903.962 2 15.571191798742685 -285.09693989515404 10.086353603240283 340 413 6.03509579937719e-26 10639.136616551543 0.11726782740867453 2
31 "C II" 903.962 2 13.06080936101805 -249.17243374288404 14.371293348539856 448 453 8.375965280940457e-27 35568.95845170993 0.07126236740752173 2
32 "C II" 903.962 2 13.767514302150545 -69.718219388487 10.31152314648485 460 474 1.355625689913437e-26 23569.206157078846 0.10662574530103908 2
33 "C II" 903.962 2 15.622201503993807 -105.57303919904045 9.12131767229996 542 554 1.1048510841445039e-25 9420.16748035256 0.21811176409740599 2
34 "C II" 903.962 2 13.096215014164677 -325.6618320571081 3.5871291093510713 618 626 4.938843940493646e-27 20780.832691575164 0.2700085006643213 2
35 "C II" 903.962 2 13.52828662949012 41.99652134733913 3.35079575686476 775 800 1.9059640269650844e-26 15858.334309402137 0.02202702788517333 2
36 "C II" 903.962 2 13.905627494097644 98.72646021739706 14.340195550683589 341 349 2.32055530386177e-26 16699.114996531425 0.127461630549372 3
37 "C II" 903.962 2 15.62932813076203 104.01171368468113 25.26750382953667 403 466 1.117326875480562e-25 10051.144472831269 0.06908137685657152 3
38 "C II" 903.962 2 13.078124483059032 90.294677115422 5.6926866887491725 466 475 9.729713627221363e-27 17095.14245891821 0.07129651532075147 3
39 "C II" 903.962 2 13.678830288079538 141.53133373500518 30.29161684064132 475 488 1.432679166566961e-26 16334.423821104316 0.10511345819263172 3
40 "C II" 903.962 2 13.29758163318383 184.39018788693673 6.859126019784992 494 515 9.25650998185692e-27 15900.18877716244 0.057807486700064074 3
41 "C II" 903.962 2 14.294904204526949 151.3515738226807 17.186521825651806 515 537 2.5846789931750328e-26 12588.570345805338 0.08506953168306347 3
42 "C II" 903.962 2 13.496536535896906 262.1296420855754 4.132351723492073 686 700 1.1244206108573456e-26 21532.626395353982 0.09276131857705723 3
