 name wave redshift col_dens delta_v vel_dispersion interval_start interval_end density temperature metallicity lightray_index
0 "C II" 903.962 2 16.120034303237034 -77.56525763877177 32.141674866448504 48 95 1.5565310022442269e-25 10132.969582091808 0.13865534031019405 0
1 "C II" 903.962 2 13.952857700929778 -82.95137682504898  118 119 3.2992966096413396e-26 16765.383096186466 0.23381779762459276 0
2 "C II" 903.962 2 13.813796377331988 -70.55724976203268  122 123 3.5865350565931976e-26 16780.87717665171 0.2412587080589555 0
3 "C II" 903.962 2 14.01204686530841 -72.41065366450812 3.5095026017757673 125 127 3.195433578742609e-26 47247.26432228391 0.24132710956232056 0
4 "C II" 903.962 2 15.855074605042626 -125.99908409705675 37.649438835564354 134 142 1.6780906510305567e-25 13485.813780526994 0.2808831569660533 0
5 "C II" 903.962 2 15.273213969497181 -81.98474770939569 21.135113410224047 301 348 3.067374414815798e-26 12268.10710435137 0.2572633318750183 0
6 "C II" 903.962 2 13.661400281364385 -189.46219688930918 8.231457245013697 466 502 5.9036055459755265e-27 15337.907295665562 0.1335781287760336 0
7 "C II" 903.962 2 13.201191271051806 -131.81672069966234 6.1195502163480695 738 754 1.3787045274100766e-26 21415.493840398634 0.015709999348446878 0
8 "C II" 903.962 2 13.393418342379913 -128.83124566420548 5.979155981888643 755 773 1.783431210340813e-26 13788.611748590407 0.016196102747475807 0
9 "C II" 903.962 2 14.487037739197264 -225.85335314607556 8.652708357346741 1054 1111 2.1176173388283414e-26 13359.121454896786 0.08850054918342733 0
10 "C II" 903.962 2 14.66712147672085 -152.5597605780451 22.214711167893583 1114 1119 7.9881294665308e-26 11177.194128232062 0.07375550300677572 0
11 "C II" 903.962 2 15.19710942793149 -50.346940593618555 47.70337137758527 1207 1235 4.7961137135323864e-26 12463.20381786535 0.1855345021901087 0
12 "C II" 903.962 2 14.431724368500127 151.58662001122235 35.37416316393458 1248 1275 2.3700690315942249e-26 17810.27819537829 0.09348722952532289 0
13 "C II" 903.962 2 13.336142353433718 173.77398104899353 4.84046868432729 1298 1302 1.3636207109523864e-26 29498.88503134262 0.09234823446967616 0
14 "C II" 903.962 2 15.357453987572912 197.60198405301216 9.46025982200728 1305 1336 7.46225484580696e-26 10111.901887231887 0.0848528890597585 0
15 "C II" 903.962 2 13.645543656668682 224.36836822469485 3.933130396691087 1354 1379 1.5841924969274022e-26 15757.660317836906 0.04125322901391146 0
16 "C II" 903.962 2 15.632571243115535 249.04826384042457 11.4110544141047 1388 1423 4.216116256188627e-25 9509.587853953535 0.02375482426012376 0
17 "C II" 903.962 2 14.099449580686098 248.58364864306546 5.499674710479449 1423 1434 3.715764720459326e-26 13949.71500868239 0.046208955585288924 0
18 "C II" 903.962 2 13.095009889944546 226.11160436031003 3.567210360174012 1435 1439 1.3007119620971066e-26 24688.621328444493 0.048631893487371805 0
19 "C II" 903.962 2 13.865777547095604 -14.260734396553781 8.01367047804196 213 251 1.8477452607501717e-26 14623.968849911746 0.021172540124090096 1
20 "C II" 903.962 2 13.024403664270663 -45.748531889684955 7.639076794241104 346 358 1.1401919278863237e-26 24064.48234332309 0.02159892632172183 1
21 "C II" 903.962 2 13.137854076548026 -70.36901554159668 7.82753702845398 390 425 8.864327690470098e-27 18867.476230621454 0.01586351012003381 1
22 "C II" 903.962 2 13.104339622488604 -80.22443863917246 3.9925249489853987 442 489 6.959238246960222e-27 18301.019697135944 0.01410492782544635 1
23 "C II" 903.962 2 15.519673236670224 -69.97733702398624 29.903809648711913 596 727 3.8447920756466397e-26 11379.143918615111 0.12866950007734074 1
24 "C II" 903.962 2 13.100652254243263 -146.8330279896411 5.838764901360453 738 761 5.444014036895728e-27 17136.036988916323 0.07456968623903165 1
25 "C II" 903.962 2 16.128190087877076 13.574725104213561 152.65588178455363 826 901 2.259851005119315e-25 9757.905219830704 0.110092379457248 1
26 "C II" 903.962 2 18.75956473077597 286.9024954185368 40.717319967630615 907 983 2.8371419568019715e-23 309.49878645892113 0.7379849030343159 1
27 "C II" 903.962 2 14.017101725832612 125.87918255096379 13.112259115138606 1104 1134 6.318516299559023e-27 11197.99463431146 0.30947724160395723 1
28 "C II" 903.962 2 13.078535272915364 72.80951231029643 10.107488284193789 1150 1161 2.0463851510359838e-27 47691.576425243824 0.4235645015160933 1
29 "C II" 903.962 2 13.149008364422576 42.68472999524798 5.011710416018719 1243 1250 2.4918673043382807e-27 57631.31160416876 0.4450258843836668 1
30 "C II" 903.962 2 13.532346935947427 195.49977724928803 10.217087009145555 1467 1475 1.219492885661818e-26 32617.70624284827 0.09926804105296098 1
31 "C II" 903.962 2 13.410873841544552 257.0928665706654 13.84474787494611 1552 1562 4.843579600122607e-27 32847.55041987564 0.28322081799665494 1
32 "C II" 903.962 2 15.537631280861724 -241.48117360790044 10.661966026492962 271 313 9.058012974432e-26 10194.819659500117 0.08272768304807682 2
33 "C II" 903.962 2 14.15638601711598 -267.82375788103764 7.856733201523915 320 340 1.8464524419658024e-26 12546.530716655774 0.08918303529414788 2
34 "C II" 903.962 2 15.71860218751707 -285.0969398951541 10.086353603240285 340 413 6.03509579937719e-26 10639.136616551543 0.11726782740867453 2
35 "C II" 903.962 2 13.208219749792434 -249.17243374288398 14.371293348539853 448 453 8.375965280940457e-27 35568.95845170993 0.07126236740752173 2
36 "C II" 903.962 2 13.914924690924929 -69.71821938848697 10.311523146484848 460 474 1.355625689913437e-26 23569.206157078846 0.10662574530103908 2
37 "C II" 903.962 2 13.016258200675544 -102.27650515124277 6.130747288773722 486 490 5.8065991989229835e-27 48120.417741483056 0.14540790012035507 2
38 "C II" 903.962 2 15.769611892768191 -105.57303919904044 9.12131767229996 542 554 1.1048510841445039e-25 9420.16748035256 0.21811176409740599 2
39 "C II" 903.962 2 13.129148099210825 -178.0450144587612  555 556 1.190928558011355e-26 19550.113180139215 0.18937758420332115 2
40 "C II" 903.962 2 13.243625402939061 -325.66183205710814 3.5871291093510713 618 626 4.938843940493646e-27 20780.832691575164 0.2700085006643213 2
41 "C II" 903.962 2 13.675697018264502 41.996521347339126 3.35079575686476 775 800 1.9059640269650844e-26 15858.334309402137 0.02202702788517333 2
42 "C II" 903.962 2 14.056685013613082 99.200012162581 15.480779490352397 341 351 2.2605960266364843e-26 17052.51253369989 0.12974107330437706 3
43 "C II" 903.962 2 15.782819310018331 104.38762437547508 25.56409518144533 401 488 1.0654663815264561e-25 10386.869479333684 0.07040900882432441 3
44 "C II" 903.962 2 14.486814241373548 154.5155606607184 19.200545285101605 488 537 2.0004530190486224e-26 13675.842803553636 0.07739660155703654 3
45 "C II" 903.962 2 13.013055800317513 92.6024757062209 36.4732112128818 592 602 8.107215903379478e-27 18712.436169631066 0.05193171022268776 3
46 "C II" 903.962 2 13.64394692467129 262.12964208557537 4.132351723492072 686 700 1.1244206108573456e-26 21532.626395353982 0.09276131857705723 3
