 name wave redshift col_dens delta_v vel_dispersion interval_start interval_end density temperature metallicity lightray_index
0 "C II" 903.962 2 16.496573849938738 -77.56525763877177 32.141674866448504 48 95 1.5565310022442269e-25 10132.969582091808 0.13865534031019405 0
1 "C II" 903.962 2 14.329397247631482 -82.95137682504898  118 119 3.2992966096413396e-26 16765.383096186466 0.23381779762459276 0
2 "C II" 903.962 2 14.190335924033691 -70.55724976203268  122 123 3.5865350565931976e-26 16780.87717665171 0.2412587080589555 0
3 "C II" 903.962 2 14.388586412010113 -72.41065366450813 3.5095026017757687 125 127 3.195433578742609e-26 47247.26432228391 0.24132710956232056 0
4 "C II" 903.962 2 16.23161415174433 -125.99908409705675 37.649438835564354 134 142 1.6780906510305567e-25 13485.813780526994 0.2808831569660533 0
5 "C II" 903.962 2 15.649794505856619 -81.98528040979026 21.134005433069106 298 348 3.0578165353686637e-26 12255.584200067924 0.25749852428270803 0
6 "C II" 903.962 2 14.086953433360128 -186.08974879777256 13.851551871344205 444 502 5.152356440492022e-27 16606.94562449673 0.12589279149528834 0
7 "C II" 903.962 2 13.062425122134085 -155.1959978550166 4.7203939338327325 559 598 4.489161029048038e-27 22116.212118457428 0.018851053588256148 0
8 "C II" 903.962 2 13.104163736865974 -75.77857135853255 5.186383884494087 617 640 3.586288866486017e-27 37156.47293942315 0.02251057369826802 0
9 "C II" 903.962 2 13.988159611650035 -129.75692750112557 6.817563615338135 737 773 1.5902220079337722e-26 17073.69427024959 0.016083866842396204 0
10 "C II" 903.962 2 13.309530774561491 -220.01513379181714 11.331384592287353 1006 1054 4.4430707010228484e-27 22665.659756491794 0.030142641124745843 0
11 "C II" 903.962 2 15.264413344375273 -181.76872749242366 42.52071683796381 1054 1119 4.290831030960103e-26 12539.352026765175 0.0825368366074895 0
12 "C II" 903.962 2 15.573843718777072 -50.37702537409814 47.714001234460156 1202 1235 4.7282769416296796e-26 12421.300213500193 0.18520161991931747 0
13 "C II" 903.962 2 14.823169022743357 150.18253633574992 35.563730907478096 1246 1275 2.3117982504381976e-26 19645.691142176485 0.09430164661124983 0
14 "C II" 903.962 2 13.71268190013542 173.77398104899353 4.840468684327291 1298 1302 1.3636207109523864e-26 29498.88503134262 0.09234823446967616 0
15 "C II" 903.962 2 15.734154916207656 197.57794365634211 9.54817468433293 1303 1336 7.443232878463849e-26 10199.300474023228 0.0851504097251908 0
16 "C II" 903.962 2 14.022396181204094 224.36429489884404 3.934653510224193 1353 1379 1.575545137281642e-26 15806.185778074372 0.04139154896809694 0
17 "C II" 903.962 2 16.023045544883942 248.95400367004981 11.321834376544563 1388 1442 3.9954204764405075e-25 10002.808835944168 0.025060527833766964 0
18 "C II" 903.962 2 13.25889280029769 28.506739710673337 4.591672371606187 165 171 5.27542139992553e-27 45934.29661747339 0.025358848911213514 1
19 "C II" 903.962 2 13.101604260282679 9.458412044715274 2.658192554314677 181 193 4.462425767328454e-27 37692.07083923026 0.02929023087128146 1
20 "C II" 903.962 2 14.242317093797308 -14.260734396553778 8.013670478041961 213 251 1.8477452607501717e-26 14623.968849911746 0.021172540124090096 1
21 "C II" 903.962 2 13.400943210972367 -45.74853188968494 7.6390767942411015 346 358 1.1401919278863237e-26 24064.48234332309 0.02159892632172183 1
22 "C II" 903.962 2 13.51439362324973 -70.36901554159668 7.827537028453979 390 425 8.864327690470098e-27 18867.476230621454 0.01586351012003381 1
23 "C II" 903.962 2 13.480879169190308 -80.22443863917245 3.9925249489854004 442 489 6.959238246960222e-27 18301.019697135944 0.01410492782544635 1
24 "C II" 903.962 2 13.366628206987922 -112.9307696831109 12.801093039369695 517 553 7.45245221789632e-27 20443.45112130267 0.023370417101830604 1
25 "C II" 903.962 2 15.896212783371928 -69.97733702398622 29.903809648711913 596 727 3.8447920756466397e-26 11379.143918615111 0.12866950007734074 1
26 "C II" 903.962 2 13.477191800944965 -146.8330279896411 5.838764901360453 738 761 5.444014036895728e-27 17136.036988916323 0.07456968623903165 1
27 "C II" 903.962 2 16.50472963457878 13.574725104213552 152.6558817845536 826 901 2.259851005119315e-25 9757.905219830704 0.110092379457248 1
28 "C II" 903.962 2 19.13610427747767 286.9024954185368 40.717319967630615 907 983 2.8371419568019715e-23 309.49878645892113 0.7379849030343159 1
29 "C II" 903.962 2 13.334823802798377 179.91440437667654 12.724603480660678 1000 1010 2.5211298305681664e-27 58739.92258753228 0.19753101150456373 1
30 "C II" 903.962 2 14.393641272534316 125.87918255096378 13.112259115138603 1104 1134 6.318516299559023e-27 11197.99463431146 0.30947724160395723 1
31 "C II" 903.962 2 13.455074819617067 72.80951231029644 10.107488284193789 1150 1161 2.0463851510359838e-27 47691.576425243824 0.4235645015160933 1
32 "C II" 903.962 2 13.52554791112428 42.68472999524796 5.011710416018719 1243 1250 2.4918673043382807e-27 57631.31160416876 0.4450258843836668 1
33 "C II" 903.962 2 13.908886482649129 195.49977724928803 10.217087009145555 1467 1475 1.219492885661818e-26 32617.70624284827 0.09926804105296098 1
34 "C II" 903.962 2 13.787413388246254 257.0928665706655 13.844747874946114 1552 1562 4.843579600122607e-27 32847.55041987564 0.28322081799665494 1
35 "C II" 903.962 2 15.914170827563428 -241.4811736079004 10.661966026492964 271 313 9.058012974432e-26 10194.819659500117 0.08272768304807682 2
36 "C II" 903.962 2 14.532925563817683 -267.82375788103764 7.856733201523915 320 340 1.8464524419658024e-26 12546.530716655774 0.08918303529414788 2
37 "C II" 903.962 2 16.09514173421877 -285.09693989515415 10.086353603240283 340 413 6.03509579937719e-26 10639.136616551543 0.11726782740867453 2
38 "C II" 903.962 2 13.584759296494138 -249.17243374288404 14.371293348539856 448 453 8.375965280940457e-27 35568.95845170993 0.07126236740752173 2
39 "C II" 903.962 2 14.291464237626633 -69.71821938848697 10.311523146484847 460 474 1.355625689913437e-26 23569.206157078846 0.10662574530103908 2
40 "C II" 903.962 2 13.392797747377246 -102.27650515124276 6.13074728877372 486 490 5.8065991989229835e-27 48120.417741483056 0.14540790012035507 2
41 "C II" 903.962 2 16.146151439469893 -105.57303919904044 9.12131767229996 542 554 1.1048510841445039e-25 9420.16748035256 0.21811176409740599 2
42 "C II" 903.962 2 13.505687645912529 -178.0450144587612  555 556 1.190928558011355e-26 19550.113180139215 0.18937758420332115 2
43 "C II" 903.962 2 13.620164949640765 -325.6618320571081 3.587129109351071 618 626 4.938843940493646e-27 20780.832691575164 0.2700085006643213 2
44 "C II" 903.962 2 14.052236564966206 41.996521347339126 3.35079575686476 775 800 1.9059640269650844e-26 15858.334309402137 0.02202702788517333 2
45 "C II" 903.962 2 14.433224560314786 99.200012162581 15.480779490352395 341 351 2.2605960266364843e-26 17052.51253369989 0.12974107330437706 3
46 "C II" 903.962 2 16.159358856720033 104.38762437547507 25.564095181445328 401 488 1.0654663815264561e-25 10386.869479333684 0.07040900882432441 3
47 "C II" 903.962 2 14.863353788075251 154.51556066071845 19.200545285101605 488 537 2.0004530190486224e-26 13675.842803553636 0.07739660155703654 3
48 "C II" 903.962 2 13.389595347019217 92.6024757062209 36.4732112128818 592 602 8.107215903379478e-27 18712.436169631066 0.05193171022268776 3
49 "C II" 903.962 2 14.020486471372994 262.1296420855754 4.132351723492073 686 700 1.1244206108573456e-26 21532.626395353982 0.09276131857705723 3
50 "C II" 903.962 2 13.103081088656394 397.4342064964911 7.5288872994140705 723 735 1.0209524392831099e-26 19462.209217685722 0.01337583192601628 3
