 name wave redshift col_dens delta_v vel_dispersion interval_start interval_end density temperature metallicity lightray_index
0 "O VI" 1031.912 2 13.400216372559166 -131.58791993845162 49.695308044677276 0 52 1.5011173938297127e-27 519769.8176892225 0.05567181308944934 0
1 "O VI" 1031.912 2 14.064352316494745 -115.16709993136013 10.321254918619728 112 118 6.498003199460344e-27 472768.35487121297 0.3333480338193328 0
2 "O VI" 1031.912 2 13.72404853209018 -78.34869883066261 6.1173071355313215 119 122 7.564674764923075e-27 371204.73162930686 0.3364273434959957 0
3 "O VI" 1031.912 2 14.444702129193043 -44.869030237517094 40.625175466125185 191 320 4.376856731378682e-27 279800.04810613795 0.2866125995409993 0
4 "O VI" 1031.912 2 13.15552548865669 -86.08458489953573 64.78163616819808 347 498 3.6899001857322815e-27 15990.322223643754 0.10111000907786785 0
5 "O VI" 1031.912 2 13.013418668155836 -115.9475862138771 20.91741519200517 631 672 1.0964506095565924e-27 72374.65300702945 0.02464328437687033 0
6 "O VI" 1031.912 2 13.183792644692474 34.750948874420644 18.453964642722156 675 680 3.5690496924172673e-28 365518.0610731202 0.13282825646547966 0
7 "O VI" 1031.912 2 12.934987623861938 -142.36778608394923 6.886003933497472 833 844 1.8485421379131516e-27 72672.98004584468 0.032161194624548396 0
8 "O VI" 1031.912 2 13.258806872704652 -127.0685624553149 33.07060034738463 870 905 1.8561466562375763e-27 149969.12515133288 0.06792313927392818 0
9 "O VI" 1031.912 2 13.833742037473222 -185.88571838025334 10.305064682354125 905 1024 2.3199548032144673e-27 71959.31995671026 0.047466341594488384 0
10 "O VI" 1031.912 2 13.671728467992455 -12.847402246314074 82.4024233838885 1119 1220 2.5068580502056098e-27 11261.8601868786 0.16941804598893198 0
11 "O VI" 1031.912 2 14.133538949440492 103.6207385112078 30.033181333134433 1232 1247 6.77128560149382e-27 179851.4714158806 0.15338495406560063 0
12 "O VI" 1031.912 2 13.170157779798467 181.28596173472388 29.08788824610331 1269 1300 4.521529757958384e-27 59384.43028618334 0.10529052258307009 0
13 "O VI" 1031.912 2 12.938322306978229 179.5205797125741 24.435269564226555 1333 1365 6.3889691793899e-27 30218.167821390645 0.057537025346588375 0
14 "O VI" 1031.912 2 12.860216211712721 176.6013662415048 34.870615717607166 1372 1380 4.657569066413621e-27 41779.50688977555 0.06478238839238588 0
15 "O VI" 1031.912 2 12.94434032018623 39.76209093956676 74.99180500966288 1470 1482 1.6383458018212892e-27 326455.825785414 0.32619184812303137 0
16 "O VI" 1031.912 2 13.412970024286622 -3.5325261669155275 26.5779659912688 1663 1710 2.4387038802047505e-28 833505.1021776868 0.23341267975966068 0
17 "O VI" 1031.912 2 13.51522954698579 69.8051584992798 24.2860428076335 1767 1789 4.057408307688659e-28 98556.4833794235 0.039492171377578926 0
18 "O VI" 1031.912 2 13.156962816963688 15.522050698457171 18.828585860009166 1 11 5.048283989869654e-29 404252.8253101483 0.4661114414177121 1
19 "O VI" 1031.912 2 12.955352362671073 38.31485559173403 12.991731395083473 15 33 9.290435386687673e-29 731220.464813337 0.4326666419320841 1
20 "O VI" 1031.912 2 13.021940607727657 53.05209202172695 13.02322173204661 110 171 3.703477102622214e-27 202504.50441960982 0.04639529147324199 1
21 "O VI" 1031.912 2 13.17177127923309 31.343729054889486 20.59383308007991 174 211 3.423263032180441e-27 57139.28098758048 0.03294689477442931 1
22 "O VI" 1031.912 2 12.825665242969436 -14.159649340812972 6.014572517207178 249 269 3.158772357018276e-27 101374.29455929754 0.03426602165208526 1
23 "O VI" 1031.912 2 12.972157183001267 -69.54551602628058 15.9836275846399 536 600 3.068463889403071e-27 14204.316091484126 0.05510908866885996 1
24 "O VI" 1031.912 2 13.253200041169793 -165.59699437456803 22.592241020805446 723 832 3.887991199950474e-27 16366.143814402436 0.06845687248730288 1
25 "O VI" 1031.912 2 13.018945292031026 202.8011734492931 84.02615443599353 898 911 6.040244436067138e-27 19478.766964396626 0.4167979878017865 1
26 "O VI" 1031.912 2 14.34202617680099 174.28493448444422 48.424388955065524 982 1027 4.0159269257483215e-27 141589.66131522044 0.32014183220797704 1
27 "O VI" 1031.912 2 13.53352913234984 70.65668650475206 50.52457857632542 1100 1165 5.558454565258841e-27 26962.49753264658 0.3230423006305896 1
28 "O VI" 1031.912 2 13.887356271503927 -64.02756694124533 39.15640329261966 1187 1226 8.752341916264528e-28 344858.5740715166 0.39611724431491924 1
29 "O VI" 1031.912 2 13.232603391796703 36.02854345341478 23.483818702885426 1239 1257 1.9332871271558914e-27 155437.37728628682 0.4490592324530506 1
30 "O VI" 1031.912 2 13.627093085941057 123.48018495278507 16.88272985165575 1412 1437 1.9673086389463056e-27 640635.5091929117 0.2004625235767157 1
31 "O VI" 1031.912 2 13.125918216078333 173.07939766003508 6.92711283895131 1462 1470 6.305448249212282e-27 193517.8612811454 0.12935908821518996 1
32 "O VI" 1031.912 2 13.060366849298049 79.19149583278752 72.44564926653243 1473 1521 1.2349674513044709e-27 661190.2983064235 0.23382958589193054 1
33 "O VI" 1031.912 2 14.109730602408757 154.04070533975204 45.319976064039984 1546 1565 4.891572030095472e-27 198696.19862306552 0.2825679832238339 1
34 "O VI" 1031.912 2 13.178715602291348 77.65803774169325 21.19924001781491 1619 1639 3.6258378088501008e-28 400985.78316228057 0.30526087602625546 1
35 "O VI" 1031.912 2 13.006149876237933 181.7534936546881 3.799138168906433 1796 1841 3.736965090947102e-28 222933.52209264168 0.0053737633171088055 1
36 "O VI" 1031.912 2 12.998457939822229 123.2684446409174 18.55618404118372 1843 1857 1.0230387089606479e-27 284718.0166285965 0.0034121634283601062 1
37 "O VI" 1031.912 2 12.93191222640448 -205.9388468894938 3.588703636048413 0 11 5.55747589521526e-29 303844.28436549974 0.07617904575543585 2
38 "O VI" 1031.912 2 12.898689791581768 -189.55913867524785 16.73874151815431 75 137 1.0908093077628948e-28 818218.4969715574 0.272812803122864 2
39 "O VI" 1031.912 2 13.365073273054582 -219.75487905829587 27.790594125798066 433 456 6.099695508373512e-27 89720.7086452875 0.08432109186347835 2
40 "O VI" 1031.912 2 13.099160733217747 -122.5198478190522 19.367616281604274 463 504 6.88216374328608e-27 62127.727317339246 0.12167398682582642 2
41 "O VI" 1031.912 2 13.708581789542803 -250.283308406043 49.79925743621687 554 585 6.493371397328434e-27 164307.1357350148 0.2034674831195544 2
42 "O VI" 1031.912 2 13.332981670863003 -367.44110574636943 24.36919230880227 616 640 3.9489405465779675e-27 51442.97911014807 0.2733042961915923 2
43 "O VI" 1031.912 2 14.428458375331521 -280.50079732613796 9.091305568234029 643 661 7.795927777615301e-28 479302.34756849677 0.9634997384748223 2
44 "O VI" 1031.912 2 13.783265765123376 35.38755989874497 9.027845751420646 0 19 3.5116303363518322e-28 51838.90317129221 0.023394466098376875 3
45 "O VI" 1031.912 2 12.873048872371779 299.78118708265134 5.15663899159082 95 106 8.424895026738852e-29 491912.46935398347 0.5816940819875852 3
46 "O VI" 1031.912 2 14.388118347990387 251.037148293243 28.75079496780748 118 229 3.8339242140320687e-28 159452.56612138415 0.4918730307130917 3
47 "O VI" 1031.912 2 14.307782557086286 253.39160586482848 59.31475535741028 240 343 1.6153886397721159e-27 70515.00951059109 0.24981705423780556 3
48 "O VI" 1031.912 2 13.649230496278367 119.91757261384632 22.024630151678494 348 405 3.6980650050898064e-27 23235.145422949496 0.17119966507460246 3
49 "O VI" 1031.912 2 12.860344466161658 -11.565418222827626 6.408184207881823 541 592 1.8716625547623864e-27 34649.46916345341 0.061926426109742035 3
50 "O VI" 1031.912 2 13.902011701897065 262.23679447423586 15.88923184776632 613 681 7.967605670264803e-28 239941.05046464206 0.12753639387499643 3
51 "O VI" 1031.912 2 14.475736023993871 150.34455256316815 53.52293378552435 746 899 4.824261712518682e-28 226179.9900532182 0.25275583457780126 3
