 name wave redshift col_dens delta_v vel_dispersion interval_start interval_end density temperature metallicity lightray_index
0 "O VI" 1031.912 2 14.040229989098112 -161.39231232148222 27.2237097585855 97 199 3.325332385578524e-27 114335.16732696065 0.021150240276972005 0
1 "O VI" 1031.912 2 14.211154319953895 -96.7928909871375 23.058936382572817 255 270 2.4597001261022685e-26 151376.44838658304 0.2680196354750904 0
2 "O VI" 1031.912 2 14.69760773404933 -33.28595575568967 48.483924810679184 334 487 2.4499171028510283e-26 79576.0481697209 0.2598538064556959 0
3 "O VI" 1031.912 2 14.04772803293187 -104.74344881711484 56.765361390266875 490 816 3.5765370425895035e-27 30613.50986721284 0.05590068792563775 0
4 "O VI" 1031.912 2 12.952865495340092 37.75197836385392 20.820995326117178 816 823 3.1837381567517498e-28 582986.5594265332 0.22492345393945745 0
5 "O VI" 1031.912 2 13.038742049604387 -142.19291076821767 6.709542482225374 975 987 1.819081080370724e-27 90187.12289145186 0.03467104282518518 0
6 "O VI" 1031.912 2 14.064590494925397 -180.08110855074335 28.041218842635303 1011 1246 9.658693166751135e-27 42518.65088667869 0.06694251276416771 0
7 "O VI" 1031.912 2 14.310726937635678 -20.816561503854437 81.04391368516875 1262 1364 7.854041501835645e-27 11502.617027395574 0.17085162045244637 0
8 "O VI" 1031.912 2 14.093758151935065 107.55150166002392 30.53297740093054 1375 1392 6.422384876288143e-27 169928.3714220579 0.1512044485686151 0
9 "O VI" 1031.912 2 13.369638237994126 168.26392721626362 30.723212487935967 1409 1450 1.9285025983157728e-26 25530.544193959107 0.11423900875934155 0
10 "O VI" 1031.912 2 13.086551184066069 201.02231185314568 23.21193664853241 1472 1511 1.3516282974666373e-26 21158.55473911011 0.05395551810363119 0
11 "O VI" 1031.912 2 13.043046577764366 188.07015836059273 35.53200451615642 1513 1527 9.594614303699256e-27 53946.744362564656 0.05871653558106573 0
12 "O VI" 1031.912 2 12.94759969535045 64.03562517548458 68.4904512513204 1612 1625 1.5971627462553245e-27 347229.63599129824 0.33208594060187174 0
13 "O VI" 1031.912 2 13.21797503674262 -0.021153181387466514 23.741102076053465 1808 1859 2.2789820000790307e-28 756596.4909125248 0.21561843150509397 0
14 "O VI" 1031.912 2 13.622709813027038 98.79688639392675 19.520336353043955 1910 1951 4.980340850919226e-28 62394.022093742664 0.012219427484850422 0
15 "O VI" 1031.912 2 13.549485743197495 -89.3512880842939 4.901483757196232 35 66 1.011163299185805e-28 88525.94898276059 0.04349854516703846 1
16 "O VI" 1031.912 2 13.462561468499436 -38.12207065898162 18.623517827182194 214 315 3.791084573405715e-27 101840.2052874495 0.03484009064167283 1
17 "O VI" 1031.912 2 12.801834404187193 -78.90523229419273 17.432567126056824 332 370 1.2339080579596415e-26 27848.842475104746 0.019261843263103463 1
18 "O VI" 1031.912 2 13.65213378846877 -140.63894328515218 17.526795218318302 633 713 1.0913106279093292e-26 14267.246934504552 0.047955111847568246 1
19 "O VI" 1031.912 2 13.259695668344479 -155.53533606623154 6.347921747981091 715 752 9.36195365483259e-27 13045.097165351714 0.12238850219172084 1
20 "O VI" 1031.912 2 13.907644962543854 -231.93228276591356 24.870374278422034 815 945 6.0374783361164115e-27 15514.736409881232 0.060591563026195235 1
21 "O VI" 1031.912 2 13.568325493432573 127.13717837806215 86.36845810937314 996 1009 6.040244435885973e-27 19478.766964587438 0.4167979877993741 1
22 "O VI" 1031.912 2 14.395683108906322 114.47118717682112 53.11396476050476 1080 1123 4.023301076086659e-27 139745.31018206474 0.32022099016763456 1
23 "O VI" 1031.912 2 13.71443888140775 37.930773168187535 21.98632123876892 1199 1240 6.079217205767679e-27 17270.646765432048 0.3079972598286924 1
24 "O VI" 1031.912 2 13.650829445824453 -2.3614615508243606 30.681285951449443 1241 1263 1.815644549653605e-27 72530.53633178781 0.42908454099893273 1
25 "O VI" 1031.912 2 13.92902203418019 -128.5344854657143 32.68072269340787 1289 1324 8.902871502724242e-28 343730.1466471522 0.39517056901350994 1
26 "O VI" 1031.912 2 13.545419733112555 -29.03375519071389 14.742097712935665 1337 1353 1.980469711054895e-27 119634.25162993465 0.44585860132168453 1
27 "O VI" 1031.912 2 13.599113147774624 55.6509378175388 17.001881981963358 1508 1535 1.9335537490541035e-27 678162.2538515939 0.20918430885164885 1
28 "O VI" 1031.912 2 13.361079538715776 81.35474511534787 49.95901845877433 1560 1589 1.0894980039789877e-26 83882.93687145649 0.1100211849707598 1
29 "O VI" 1031.912 2 14.113219333506661 99.4596678195798 60.25935287318591 1644 1663 4.891572030080446e-27 198696.19862185908 0.2825679832239055 1
30 "O VI" 1031.912 2 13.236200358289123 5.603098664217976 19.98643066827767 1718 1733 4.157512471143519e-28 286561.6631903916 0.2744497190467791 1
31 "O VI" 1031.912 2 12.959663946678607 111.42258004556535 5.190962972592523 1891 1941 4.135123642547728e-28 211891.35711736607 0.004562616360402047 1
32 "O VI" 1031.912 2 13.044264808103696 59.05793468640493 17.43176641445698 1941 1962 1.1321153130838907e-27 232782.49963882644 0.002677591967189087 1
33 "O VI" 1031.912 2 12.990115042402161 -88.18860040065192 5.718827047571934 56 76 1.859988701810251e-28 179366.7401644635 0.02424629349705122 2
34 "O VI" 1031.912 2 13.212532313642246 -124.29422392833241 23.804817098785893 328 349 2.110953903106095e-26 14058.548299349286 0.08348356316019385 2
35 "O VI" 1031.912 2 13.140530741081985 -156.57598064495969 10.57993576400503 372 426 1.6327262814716806e-26 12650.11211372502 0.10312545194151199 2
36 "O VI" 1031.912 2 13.458112477343157 -119.7307134078391 33.079942153095615 498 521 6.099695508372482e-27 89720.70864529867 0.08432109186348333 2
37 "O VI" 1031.912 2 13.335490469902417 1.5873369737678593 21.4533079910828 524 558 1.1620487411398038e-26 47843.860770044506 0.11505371307005936 2
38 "O VI" 1031.912 2 13.610899542979393 -128.55121237300582 47.837152613644605 618 648 1.6857497278635667e-26 78655.20162665668 0.19768686040704345 2
39 "O VI" 1031.912 2 13.6342773108629 -235.68393167778228 20.45383058499836 681 705 3.948940546581593e-27 51442.97911012955 0.27330429619157814 2
40 "O VI" 1031.912 2 14.386668071299303 -166.19932840457045 6.17084156686394 708 725 7.986239513732196e-28 460788.9910058941 0.9666153095826618 2
41 "O VI" 1031.912 2 12.841480563287316 121.6750227675812 25.72806888135854 856 886 9.821123250340188e-27 60768.927254812734 0.04073836716626785 2
42 "O VI" 1031.912 2 12.973306928050794 -105.95057730125242 3.823381164725468 56 62 2.23743443576033e-28 70632.27441108695 0.007195899592683677 3
43 "O VI" 1031.912 2 14.07046239753492 -133.66252729283997 13.022883987815165 63 91 2.9530193481671302e-28 59673.743721009545 0.018481981079761102 3
44 "O VI" 1031.912 2 13.653331823446933 89.35832543773856 24.017770921906447 198 257 8.111416401481215e-29 244413.45631935215 0.5486384982963243 3
45 "O VI" 1031.912 2 14.382888150645186 44.63011163607276 14.227285451050811 271 301 5.584280285696976e-28 89843.54664043542 0.46166495736153756 3
46 "O VI" 1031.912 2 14.587616422864459 55.737499383120024 56.90508743459876 317 408 5.27380829144082e-28 73342.98132027773 0.28273191154384486 3
47 "O VI" 1031.912 2 13.982669760095344 -52.191887374481794 28.479325755223822 420 480 7.542142386102256e-27 21757.871114571335 0.14903459728560686 3
48 "O VI" 1031.912 2 12.946771869191375 2.2410995269615013 8.634128298745054 556 598 9.044581371588867e-27 15734.787699979697 0.06695639976874708 3
49 "O VI" 1031.912 2 13.53979149475027 -187.6623354214732 13.18138456983533 609 666 3.2950353062039344e-27 29567.13191832718 0.06056553936767118 3
50 "O VI" 1031.912 2 13.91878427174591 79.00235531622563 16.49811294255269 685 749 8.094088978929518e-28 230872.9211399575 0.12873062921354858 3
51 "O VI" 1031.912 2 12.811980892072217 83.832599838564 16.67878684379164 749 782 1.0718458679816696e-26 34054.146127444794 0.09134840756958071 3
52 "O VI" 1031.912 2 14.304552195759127 10.844918144667423 47.08968292885057 818 944 5.556504588703311e-28 178489.35462780116 0.1985739737722038 3
53 "O VI" 1031.912 2 13.99791499601965 -59.72591097356625 21.882668508324223 946 968 2.6900665740249515e-28 327966.5469767182 0.4284619577464787 3
