 name wave redshift col_dens delta_v vel_dispersion interval_start interval_end density temperature metallicity lightray_index
0 "C IV" 1548.187 2 13.733035955605693 -176.67765475625134 3.1545576557046915 125 142 2.415659012884396e-27 30427.725817443625 0.008678166498497699 0
1 "C IV" 1548.187 2 14.107331379164567 -123.9304512368158 58.08784705572413 190 238 1.5563810864107841e-25 10140.98431776369 0.13864600743675629 0
2 "C IV" 1548.187 2 13.44705079872545 -82.69842821967129 10.742644865329776 256 262 2.156194601181851e-26 207620.0985643545 0.275894868346548 0
3 "C IV" 1548.187 2 13.17903808640936 -67.80513411757397 5.356097668337276 264 266 2.653027039472801e-26 88839.55096167499 0.26543123414265263 0
4 "C IV" 1548.187 2 13.94072972630796 -64.84999157189473 4.190048862686088 267 270 2.798542045640528e-26 72039.7354201485 0.24946928746761735 0
5 "C IV" 1548.187 2 14.353677868827651 -13.261281654095809 82.24716305889805 277 285 1.678090651025043e-25 13485.813780395538 0.28088315696605853 0
6 "C IV" 1548.187 2 14.985045211207348 -53.295169680190824 50.3027121992403 354 570 2.6277224245620736e-26 12036.961162417876 0.2379814478952284 0
7 "C IV" 1548.187 2 14.728118161758502 -171.0627140976435 22.26868380480473 578 741 4.258589747129909e-27 18135.955762500413 0.0670963377900819 0
8 "C IV" 1548.187 2 13.371701798730525 -72.15131152263888 10.391813327915012 758 795 3.028569522956882e-27 40894.23813912939 0.022909455123044667 0
9 "C IV" 1548.187 2 13.70395440914336 -109.8250340376497 34.09507569740183 870 917 1.5319446101716717e-26 18457.19879756362 0.01669861122504572 0
10 "C IV" 1548.187 2 13.143551395072341 -155.69724369989706 8.792403283980235 1035 1059 1.9303520195018752e-27 78184.40982632556 0.0462762919349703 0
11 "C IV" 1548.187 2 15.0390768165879 -118.9109642919836 102.12913431411441 1108 1381 3.657608064743501e-26 15567.437551294928 0.11535275617113082 0
12 "C IV" 1548.187 2 14.22468907237988 145.33150704067106 43.99425653953814 1385 1421 2.2405488925204503e-26 26437.65322994842 0.0958077413616483 0
13 "C IV" 1548.187 2 14.171505154541192 191.8413832408792 19.266129692926576 1438 1481 7.244004305072864e-26 11240.69548732805 0.0855195161077219 0
14 "C IV" 1548.187 2 13.944302005763358 229.39328284685442 6.249648425989246 1494 1525 1.5108688434131796e-26 23572.3012159048 0.04602819805917586 0
15 "C IV" 1548.187 2 13.908313348294659 237.7382453450111 14.75291648391327 1548 1585 2.8912525634647223e-25 11966.458128614255 0.024160076760938752 0
16 "C IV" 1548.187 2 13.28456510273887 -37.892176438360856 5.77033678099083 262 272 4.939405486379062e-27 55333.40374553016 0.027636905856689396 1
17 "C IV" 1548.187 2 13.378938088981252 -55.1679048618435 4.606907388474106 279 306 3.788594005558746e-27 27377.26424013572 0.021467752991760642 1
18 "C IV" 1548.187 2 13.753400058137947 -83.63553716563536 13.047178359997647 306 349 1.810216185784355e-26 14534.717738104127 0.0208651142019795 1
19 "C IV" 1548.187 2 13.255889292703904 -114.71634867162022 7.942782237458647 443 456 1.1028217885664708e-26 27901.037254470764 0.021828305587945733 1
20 "C IV" 1548.187 2 13.632065723566722 -139.0159342297684 7.931908684457501 488 523 8.864327690465357e-27 18867.476230638997 0.015863510120042584 1
21 "C IV" 1548.187 2 15.179429630583309 -168.997445885941 34.38876987873364 540 893 2.821257927835462e-26 13594.248005320116 0.09776722664173669 1
22 "C IV" 1548.187 2 14.350987996544088 -284.1377484236086 21.387784130438597 893 971 9.54364013940665e-27 14503.569901946621 0.04317822007357327 1
23 "C IV" 1548.187 2 13.545598670575991 6.482409589100089 94.73481156233251 979 990 1.776535536549255e-25 9239.03234005455 0.12135720273758728 1
24 "C IV" 1548.187 2 13.992405637191418 -8.285306666854988 13.939382968458268 990 999 1.2636949968894275e-25 9628.213289651068 0.17680753780469716 1
25 "C IV" 1548.187 2 14.346524338349255 143.5450544677823 25.23575229717498 1003 1027 9.084196633217019e-25 1594.7529143424567 0.9424412616793012 1
26 "C IV" 1548.187 2 14.091524207312215 155.2897171237917 17.53335188827855 1032 1035 1.837495656310435e-25 5940.2376735399275 1.0095713054780513 1
27 "C IV" 1548.187 2 13.792678958768095 251.36470330833237 7.341656967263988 1071 1084 2.7311442480352828e-25 8740.601499739865 0.20823293025486492 1
28 "C IV" 1548.187 2 13.926445774556504 129.2309013285531 31.203361957804795 1084 1109 3.5259378250081015e-27 146309.50120876558 0.34439183636753223 1
29 "C IV" 1548.187 2 14.819124201800504 52.13644175379778 15.274966008970038 1200 1234 6.136277326743905e-27 14463.913153167201 0.30770373827128294 1
30 "C IV" 1548.187 2 13.90635417549781 2.718514069710966 11.979022957498156 1247 1260 1.937445971958365e-27 51427.70365245617 0.424726780951518 1
31 "C IV" 1548.187 2 13.389351616253037 -114.00885676075947 10.62929077735512 1295 1306 1.4104576954906781e-27 120884.01421325456 0.35301545172602833 1
32 "C IV" 1548.187 2 13.786502325350087 -25.674010559217535 6.639897243485384 1340 1350 2.172324957524145e-27 76577.19596721741 0.44517603740767875 1
33 "C IV" 1548.187 2 13.709013329266385 124.65433277787614 12.820700490565725 1565 1573 1.2194928856597456e-26 32617.70624292053 0.09926804105295078 1
34 "C IV" 1548.187 2 14.103671284864134 180.00044465328708 19.50586510599964 1648 1660 5.061133370703804e-27 45547.85177007937 0.28055599422762906 1
35 "C IV" 1548.187 2 14.275854425913506 -104.2525879404504 9.73877068466883 330 362 3.812197625688439e-26 11645.389087677939 0.07532603149213449 2
36 "C IV" 1548.187 2 14.936397898844875 -163.79872369613943 14.875766482001316 366 479 6.030688739346596e-26 10703.932072162816 0.11111242784978156 2
37 "C IV" 1548.187 2 13.638784641330687 -156.6331712422586 20.733936039674134 503 518 6.724257637266304e-27 39908.07388191956 0.07590309265745987 2
38 "C IV" 1548.187 2 14.089152364368905 37.11870163908884 11.357719682302458 525 544 1.2807556626060561e-26 26895.713671932706 0.10782386900691208 2
39 "C IV" 1548.187 2 13.258891798481518 7.369155230618876 7.511693681929634 551 556 5.127472510123372e-27 61730.51266820729 0.14965461805513428 2
40 "C IV" 1548.187 2 14.178793705872552 -23.597557498216336 30.528327619504644 607 623 1.0812942797185163e-25 10253.603358453203 0.21750693361958273 2
41 "C IV" 1548.187 2 14.189606998577894 -213.85183495840786 6.641395600382239 682 695 4.3062427436224474e-27 29509.196396777406 0.27072016124071724 2
42 "C IV" 1548.187 2 13.836640317510689 152.08015657567455 7.182103436346654 839 868 1.85201701264361e-26 17350.121898145448 0.02389280247524275 2
43 "C IV" 1548.187 2 13.726665065778077 39.117885556095445 6.993809844441476 274 294 6.15320187195485e-28 67826.21207943022 0.45671339408319295 3
44 "C IV" 1548.187 2 13.082323233720071 91.05843190305636 11.916702759343886 327 339 3.647869449334078e-28 93972.96080302019 0.4439155755681009 3
45 "C IV" 1548.187 2 13.990037503779012 9.789909112544764 21.968869642829215 340 394 6.807511710432311e-28 12214.42232447662 0.18823488991792878 3
46 "C IV" 1548.187 2 14.967989591072689 -53.4403888669181 50.15899132938954 411 677 9.084426963190449e-26 11625.822131704315 0.07282660394643226 3
47 "C IV" 1548.187 2 13.907532808580308 83.82626893330794 5.832580129929105 757 776 1.098006305340174e-26 22982.204336253413 0.09203586034231835 3
48 "C IV" 1548.187 2 13.410355544519273 206.17513096110375 17.706360470032987 794 829 9.462270602595804e-27 26994.653752169535 0.01571917982327454 3
49 "C IV" 1548.187 2 13.097118315829103 15.080431655873552 16.977088464019594 866 921 5.59477918867797e-28 125989.81066377429 0.20340843245411508 3
