 name wave redshift col_dens delta_v vel_dispersion interval_start interval_end density temperature metallicity lightray_index
0 "C II" 903.962 2 16.203277242056867 -72.67300534414807 31.04227956696632 192 238 1.5587309210157398e-25 10051.641539439863 0.13879205765512284 0
1 "C II" 903.962 2 13.959854186896408 -78.53585076104083 0.0 261 262 3.2992966096413396e-26 16765.383096186466 0.23381779762459276 0
2 "C II" 903.962 2 13.821941360285832 -66.14172369802456 0.0 265 266 3.5865350565931976e-26 16780.87717665171 0.2412587080589555 0
3 "C II" 903.962 2 14.021777514667896 -68.01390738889611 3.509502601775712 268 270 3.195433578708295e-26 47247.264323357966 0.24132710956247838 0
4 "C II" 903.962 2 15.951921239264637 -122.05229555686827 36.723249891285235 277 285 1.678090651025043e-25 13485.813780395538 0.28088315696605853 0
5 "C II" 903.962 2 15.283589554424516 -77.65914930244824 21.09430068648646 456 491 3.1249273162458964e-26 12342.098898666147 0.255494785075411 0
6 "C II" 903.962 2 13.628843654224811 -183.83915316410744 9.674760768708126 597 645 5.447683046799824e-27 15570.915588224583 0.13013578450118174 0
7 "C II" 903.962 2 13.604915622735616 -125.3884661999996 6.6602463449679545 880 916 1.5902220079329973e-26 17073.69427029206 0.016083866842407313 0
8 "C II" 903.962 2 14.916410039965434 -175.46619244713722 42.62194974616416 1193 1262 4.2389846556735994e-26 12663.740826114383 0.0817066274594276 0
9 "C II" 903.962 2 15.220376405769453 -46.42195947051762 46.975001836477254 1350 1378 4.79611371349677e-26 12463.203817888803 0.18553450219010992 0
10 "C II" 903.962 2 14.434802727305533 156.38380764759188 34.90670972846814 1390 1418 2.356078030586469e-26 18502.98243358709 0.09376851833830718 0
11 "C II" 903.962 2 13.321998876642512 178.17623640834958 4.819554941363219 1441 1445 1.363620710971074e-26 29498.885030891248 0.09234823446963795 0
12 "C II" 903.962 2 15.404314599471363 202.07426361053194 9.462599895623235 1448 1479 7.462254845803076e-26 10111.901887235343 0.08485288905967482 0
13 "C II" 903.962 2 13.632650945672573 228.65543693123385 3.922169648188866 1497 1522 1.58419249692791e-26 15757.660317836799 0.041253229013944605 0
14 "C II" 903.962 2 15.7224099549525 253.54139807894003 11.082691642212058 1531 1577 4.0366286532252324e-25 9716.88126866197 0.02480312612051231 0
15 "C II" 903.962 2 13.1317163482243 228.65811585737336 8.07136451642445 1577 1585 1.0579926925227113e-26 36991.38285329662 0.04935655936501699 0
16 "C II" 903.962 2 13.86356811417847 -83.15232510577734 7.82831771729632 315 347 1.911427637773818e-26 14562.225998072849 0.021658772100489734 1
17 "C II" 903.962 2 13.004143933279073 -114.57166003728008 7.5832120987846885 444 456 1.1401919278869385e-26 24064.482343353546 0.021598926321756716 1
18 "C II" 903.962 2 13.098903640198515 -139.22029835926392 7.7638496902088825 488 523 8.864327690465357e-27 18867.476230638997 0.015863510120042584 1
19 "C II" 903.962 2 13.052419474667253 -181.09030769012534 10.998769386222987 592 637 7.03399479264185e-27 21445.978686080376 0.01622875312884867 1
20 "C II" 903.962 2 15.558467505614487 -137.97437511957807 29.08309168283432 696 827 3.8475364911459526e-26 11374.248642088296 0.12888523008031802 1
21 "C II" 903.962 2 13.016995004302995 -215.82603373264655 6.482524109042415 835 854 5.727869351203402e-27 17094.190572132844 0.07226956625411647 1
22 "C II" 903.962 2 16.215429056494408 -52.17630908029898 152.43613926269944 921 999 2.25386072120227e-25 9784.021423144975 0.10987686998734475 1
23 "C II" 903.962 2 19.068175845497198 220.84717399523572 36.85639414612999 1005 1081 2.8371419568209704e-23 309.4987864608557 0.7379849030350095 1
24 "C II" 903.962 2 13.968639734000089 57.38669904276188 12.893220989096907 1202 1232 6.3185162995408606e-27 11197.994634295505 0.30947724160397827 1
25 "C II" 903.962 2 13.515638677964109 126.63641376382576 10.063401295740187 1565 1573 1.2194928856597456e-26 32617.70624292053 0.09926804105295078 1
26 "C II" 903.962 2 13.33161481996603 189.0213599991928 13.118154149911911 1651 1660 5.134909823348281e-27 27294.200609109153 0.2856463249734886 1
27 "C II" 903.962 2 15.61306359776863 -128.7480631753934 10.272777835280118 338 376 9.162507345096581e-26 10169.883794764632 0.08251579941292386 2
28 "C II" 903.962 2 15.770610570782374 -171.3012968151058 10.318107036390154 385 478 5.66690835482636e-26 10806.7991505846 0.11479913600743714 2
29 "C II" 903.962 2 13.18579564802488 -135.65072913116066 14.10984722756142 513 518 8.37596528094001e-27 35568.95845171076 0.07126236740752145 2
30 "C II" 903.962 2 13.902356082480866 43.782508351309964 10.356250332841556 525 540 1.3378907235707298e-26 23733.344724599676 0.106621742039998 2
31 "C II" 903.962 2 15.853808849221085 8.00808002963747 8.644100690400656 607 619 1.104851084144526e-25 9420.167480353046 0.2181117640974339 2
32 "C II" 903.962 2 13.111817973347051 -64.7935717576074 0.0 620 621 1.1909285580113548e-26 19550.11318013921 0.18937758420332115 2
33 "C II" 903.962 2 13.156918876778166 -212.24274597363313 3.6257782321056826 683 691 4.9388439404970585e-27 20780.832691570275 0.2700085006643069 2
34 "C II" 903.962 2 13.680710921402351 154.8747848023797 3.9454829659496347 840 867 1.87020209120774e-26 16378.229384462726 0.02351174093920272 2
35 "C II" 903.962 2 14.053817572981664 -79.61037011188851 14.256158899804163 413 421 2.3205553038382418e-26 16699.114996639928 0.12746163054950205 3
36 "C II" 903.962 2 15.862148188920273 -74.08278291090491 25.93049227235933 474 593 1.0139031109873787e-25 10678.633891248863 0.06989472438128544 3
37 "C II" 903.962 2 14.442911055633475 -27.074202924955564 17.025226592940026 593 609 2.817755134272628e-26 12121.43606636309 0.0886637876455311 3
38 "C II" 903.962 2 13.617524237323057 83.89247417613207 3.8678164156256414 758 772 1.1244206108572417e-26 21532.62639534917 0.09276131857708562 3
