 name wave redshift col_dens delta_v vel_dispersion interval_start interval_end density temperature metallicity lightray_index
0 "C II" 903.962 2 16.222157977419204 -72.67300534414807 31.042279566966318 192 238 1.5587309210157398e-25 10051.641539439863 0.13879205765512284 0
1 "C II" 903.962 2 13.978734922258745 -78.53585076104083 0.0 261 262 3.2992966096413396e-26 16765.383096186466 0.23381779762459276 0
2 "C II" 903.962 2 13.84082209564817 -66.14172369802456 0.0 265 266 3.5865350565931976e-26 16780.87717665171 0.2412587080589555 0
3 "C II" 903.962 2 14.040658250030233 -68.01390738889613 3.5095026017757123 268 270 3.195433578708295e-26 47247.264323357966 0.24132710956247838 0
4 "C II" 903.962 2 15.970801974626974 -122.05229555686826 36.723249891285235 277 285 1.678090651025043e-25 13485.813780395538 0.28088315696605853 0
5 "C II" 903.962 2 15.302470289786854 -77.65914930244827 21.09430068648646 456 491 3.1249273162458964e-26 12342.098898666147 0.255494785075411 0
6 "C II" 903.962 2 13.64772438958715 -183.83915316410747 9.674760768708126 597 645 5.447683046799824e-27 15570.915588224583 0.13013578450118174 0
7 "C II" 903.962 2 13.623796358097954 -125.38846619999958 6.6602463449679545 880 916 1.5902220079329973e-26 17073.69427029206 0.016083866842407313 0
8 "C II" 903.962 2 14.935290775327772 -175.46619244713722 42.62194974616417 1193 1262 4.2389846556735994e-26 12663.740826114383 0.0817066274594276 0
9 "C II" 903.962 2 15.239257141131791 -46.42195947051762 46.97500183647726 1350 1378 4.79611371349677e-26 12463.203817888803 0.18553450219010992 0
10 "C II" 903.962 2 14.45368346266787 156.38380764759182 34.90670972846813 1390 1418 2.356078030586469e-26 18502.98243358709 0.09376851833830718 0
11 "C II" 903.962 2 13.34087961200485 178.17623640834955 4.819554941363218 1441 1445 1.363620710971074e-26 29498.885030891248 0.09234823446963795 0
12 "C II" 903.962 2 15.4231953348337 202.074263610532 9.462599895623239 1448 1479 7.462254845803076e-26 10111.901887235343 0.08485288905967482 0
13 "C II" 903.962 2 13.65153168103491 228.6554369312339 3.9221696481888664 1497 1522 1.58419249692791e-26 15757.660317836799 0.041253229013944605 0
14 "C II" 903.962 2 15.741290690314838 253.54139807894015 11.08269164221206 1531 1577 4.0366286532252324e-25 9716.88126866197 0.02480312612051231 0
15 "C II" 903.962 2 13.150597083586637 228.65811585737336 8.07136451642445 1577 1585 1.0579926925227113e-26 36991.38285329662 0.04935655936501699 0
16 "C II" 903.962 2 13.882448849540808 -83.15232510577734 7.828317717296322 315 347 1.911427637773818e-26 14562.225998072849 0.021658772100489734 1
17 "C II" 903.962 2 13.02302466864141 -114.57166003728008 7.5832120987846885 444 456 1.1401919278869385e-26 24064.482343353546 0.021598926321756716 1
18 "C II" 903.962 2 13.117784375560852 -139.22029835926392 7.763849690208883 488 523 8.864327690465357e-27 18867.476230638997 0.015863510120042584 1
19 "C II" 903.962 2 13.071300210029593 -181.09030769012523 10.998769386222984 592 637 7.03399479264185e-27 21445.978686080376 0.01622875312884867 1
20 "C II" 903.962 2 15.577348240976825 -137.97437511957807 29.08309168283432 696 827 3.8475364911459526e-26 11374.248642088296 0.12888523008031802 1
21 "C II" 903.962 2 13.035875739665332 -215.82603373264658 6.482524109042414 835 854 5.727869351203402e-27 17094.190572132844 0.07226956625411647 1
22 "C II" 903.962 2 16.234309791856745 -52.176309080298964 152.43613926269944 921 999 2.25386072120227e-25 9784.021423144975 0.10987686998734475 1
23 "C II" 903.962 2 19.087056580859535 220.84717399523566 36.856394146129986 1005 1081 2.8371419568209704e-23 309.4987864608557 0.7379849030350095 1
24 "C II" 903.962 2 13.987520469362426 57.38669904276185 12.893220989096903 1202 1232 6.3185162995408606e-27 11197.994634295505 0.30947724160397827 1
25 "C II" 903.962 2 13.534519413326446 126.63641376382576 10.063401295740187 1565 1573 1.2194928856597456e-26 32617.70624292053 0.09926804105295078 1
26 "C II" 903.962 2 13.350495555328367 189.02135999919284 13.118154149911915 1651 1660 5.134909823348281e-27 27294.200609109153 0.2856463249734886 1
27 "C II" 903.962 2 15.631944333130967 -128.74806317539344 10.272777835280118 338 376 9.162507345096581e-26 10169.883794764632 0.08251579941292386 2
28 "C II" 903.962 2 15.789491306144711 -171.30129681510576 10.318107036390154 385 478 5.66690835482636e-26 10806.7991505846 0.11479913600743714 2
29 "C II" 903.962 2 13.204676383387218 -135.65072913116066 14.109847227561419 513 518 8.37596528094001e-27 35568.95845171076 0.07126236740752145 2
30 "C II" 903.962 2 13.921236817843203 43.782508351309964 10.356250332841554 525 540 1.3378907235707298e-26 23733.344724599676 0.106621742039998 2
31 "C II" 903.962 2 15.872689584583423 8.008080029637469 8.644100690400656 607 619 1.104851084144526e-25 9420.167480353046 0.2181117640974339 2
32 "C II" 903.962 2 13.13069870870939 -64.7935717576074 0.0 620 621 1.1909285580113548e-26 19550.11318013921 0.18937758420332115 2
33 "C II" 903.962 2 13.175799612140503 -212.24274597363308 3.6257782321056817 683 691 4.9388439404970585e-27 20780.832691570275 0.2700085006643069 2
34 "C II" 903.962 2 13.69959165676469 154.8747848023797 3.945482965949634 840 867 1.87020209120774e-26 16378.229384462726 0.02351174093920272 2
35 "C II" 903.962 2 14.072698308344004 -79.61037011188849 14.256158899804163 413 421 2.3205553038382418e-26 16699.114996639928 0.12746163054950205 3
36 "C II" 903.962 2 15.88102892428261 -74.08278291090497 25.93049227235934 474 593 1.0139031109873787e-25 10678.633891248863 0.06989472438128544 3
37 "C II" 903.962 2 14.461791790995813 -27.074202924955568 17.025226592940026 593 609 2.817755134272628e-26 12121.43606636309 0.0886637876455311 3
38 "C II" 903.962 2 13.636404972685394 83.89247417613208 3.867816415625642 758 772 1.1244206108572417e-26 21532.62639534917 0.09276131857708562 3
