 name wave redshift col_dens delta_v vel_dispersion interval_start interval_end density temperature metallicity lightray_index
0 "C II" 903.962 2 16.286456148647684 -72.67300534414805 31.04227956696632 192 238 1.5587309210157398e-25 10051.641539439863 0.13879205765512284 0
1 "C II" 903.962 2 14.043033093487225 -78.53585076104083 0.0 261 262 3.2992966096413396e-26 16765.383096186466 0.23381779762459276 0
2 "C II" 903.962 2 13.905120266876647 -66.14172369802456 0.0 265 266 3.5865350565931976e-26 16780.87717665171 0.2412587080589555 0
3 "C II" 903.962 2 14.104956421258713 -68.01390738889613 3.50950260177571 268 270 3.195433578708295e-26 47247.264323357966 0.24132710956247838 0
4 "C II" 903.962 2 16.035100145855452 -122.05229555686826 36.72324989128524 277 285 1.678090651025043e-25 13485.813780395538 0.28088315696605853 0
5 "C II" 903.962 2 15.366768461015331 -77.65914930244826 21.094300686486456 456 491 3.1249273162458964e-26 12342.098898666147 0.255494785075411 0
6 "C II" 903.962 2 13.712022560815628 -183.83915316410744 9.674760768708127 597 645 5.447683046799824e-27 15570.915588224583 0.13013578450118174 0
7 "C II" 903.962 2 13.688094529326431 -125.38846619999956 6.660246344967954 880 916 1.5902220079329973e-26 17073.69427029206 0.016083866842407313 0
8 "C II" 903.962 2 14.99958894655625 -175.46619244713722 42.62194974616416 1193 1262 4.2389846556735994e-26 12663.740826114383 0.0817066274594276 0
9 "C II" 903.962 2 15.303555312360269 -46.42195947051763 46.975001836477254 1350 1378 4.79611371349677e-26 12463.203817888803 0.18553450219010992 0
10 "C II" 903.962 2 13.047183898611564 114.69559571695015 0.0 1389 1390 9.593578641627555e-27 54547.52222947344 0.11058502030754411 0
11 "C II" 903.962 2 14.51798163389635 156.38380764759185 34.90670972846813 1390 1418 2.356078030586469e-26 18502.98243358709 0.09376851833830718 0
12 "C II" 903.962 2 13.405177783233327 178.17623640834955 4.819554941363219 1441 1445 1.363620710971074e-26 29498.885030891248 0.09234823446963795 0
13 "C II" 903.962 2 15.487493506062178 202.074263610532 9.462599895623239 1448 1479 7.462254845803076e-26 10111.901887235343 0.08485288905967482 0
14 "C II" 903.962 2 13.715829852263388 228.65543693123385 3.9221696481888664 1497 1522 1.58419249692791e-26 15757.660317836799 0.041253229013944605 0
15 "C II" 903.962 2 15.805588861543315 253.54139807894012 11.08269164221206 1531 1577 4.0366286532252324e-25 9716.88126866197 0.02480312612051231 0
16 "C II" 903.962 2 13.214895254815115 228.65811585737336 8.071364516424453 1577 1585 1.0579926925227113e-26 36991.38285329662 0.04935655936501699 0
17 "C II" 903.962 2 13.946747020769285 -83.15232510577734 7.828317717296321 315 347 1.911427637773818e-26 14562.225998072849 0.021658772100489734 1
18 "C II" 903.962 2 13.08732283986989 -114.57166003728005 7.583212098784687 444 456 1.1401919278869385e-26 24064.482343353546 0.021598926321756716 1
19 "C II" 903.962 2 13.18208254678933 -139.22029835926395 7.763849690208884 488 523 8.864327690465357e-27 18867.476230638997 0.015863510120042584 1
20 "C II" 903.962 2 13.13559838125807 -181.09030769012523 10.998769386222982 592 637 7.03399479264185e-27 21445.978686080376 0.01622875312884867 1
21 "C II" 903.962 2 15.641646412205302 -137.97437511957807 29.083091682834315 696 827 3.8475364911459526e-26 11374.248642088296 0.12888523008031802 1
22 "C II" 903.962 2 13.10017391089381 -215.8260337326466 6.482524109042416 835 854 5.727869351203402e-27 17094.190572132844 0.07226956625411647 1
23 "C II" 903.962 2 16.29860796308522 -52.176309080299 152.4361392626995 921 999 2.25386072120227e-25 9784.021423144975 0.10987686998734475 1
24 "C II" 903.962 2 19.151354752088015 220.84717399523566 36.85639414612998 1005 1081 2.8371419568209704e-23 309.4987864608557 0.7379849030350095 1
25 "C II" 903.962 2 14.051818640590906 57.38669904276184 12.893220989096902 1202 1232 6.3185162995408606e-27 11197.994634295505 0.30947724160397827 1
26 "C II" 903.962 2 13.049907980234183 -26.623840757949097 4.80122661493089 1341 1347 2.4983568551464802e-27 57281.25219542628 0.4452367430901181 1
27 "C II" 903.962 2 13.598817584554924 126.63641376382574 10.063401295740183 1565 1573 1.2194928856597456e-26 32617.70624292053 0.09926804105295078 1
28 "C II" 903.962 2 13.414793726556844 189.02135999919284 13.118154149911911 1651 1660 5.134909823348281e-27 27294.200609109153 0.2856463249734886 1
29 "C II" 903.962 2 15.696242504359446 -128.74806317539344 10.272777835280118 338 376 9.162507345096581e-26 10169.883794764632 0.08251579941292386 2
30 "C II" 903.962 2 15.853789477373189 -171.30129681510576 10.318107036390156 385 478 5.66690835482636e-26 10806.7991505846 0.11479913600743714 2
31 "C II" 903.962 2 13.268974554615697 -135.65072913116063 14.109847227561415 513 518 8.37596528094001e-27 35568.95845171076 0.07126236740752145 2
32 "C II" 903.962 2 13.985534989071683 43.78250835130996 10.356250332841556 525 540 1.3378907235707298e-26 23733.344724599676 0.106621742039998 2
33 "C II" 903.962 2 13.049127267121355 11.08878640184662 6.053991671857373 551 554 5.9945389221304334e-27 45040.507859043435 0.14462093010104107 2
34 "C II" 903.962 2 15.936987755811902 8.008080029637469 8.644100690400656 607 619 1.104851084144526e-25 9420.167480353046 0.2181117640974339 2
35 "C II" 903.962 2 13.194996879937868 -64.7935717576074 0.0 620 621 1.1909285580113548e-26 19550.11318013921 0.18937758420332115 2
36 "C II" 903.962 2 13.24009778336898 -212.24274597363313 3.6257782321056826 683 691 4.9388439404970585e-27 20780.832691570275 0.2700085006643069 2
37 "C II" 903.962 2 13.763889827993168 154.87478480237968 3.945482965949634 840 867 1.87020209120774e-26 16378.229384462726 0.02351174093920272 2
38 "C II" 903.962 2 14.136996479572481 -79.6103701118885 14.256158899804165 413 421 2.3205553038382418e-26 16699.114996639928 0.12746163054950205 3
39 "C II" 903.962 2 15.945327095511088 -74.08278291090494 25.930492272359334 474 593 1.0139031109873787e-25 10678.633891248863 0.06989472438128544 3
40 "C II" 903.962 2 14.52608996222429 -27.074202924955557 17.025226592940022 593 609 2.817755134272628e-26 12121.43606636309 0.0886637876455311 3
41 "C II" 903.962 2 13.056503970049247 -85.10961530808723 36.009483424177894 664 674 8.107215903336401e-27 18712.43616965939 0.05193171022253906 3
42 "C II" 903.962 2 13.700703143913874 83.89247417613205 3.867816415625641 758 772 1.1244206108572417e-26 21532.62639534917 0.09276131857708562 3
