 name wave redshift col_dens delta_v vel_dispersion interval_start interval_end density temperature metallicity lightray_index
0 "C IV" 1548.187 2 13.72835355842863 -176.67765475625137 3.154557655704691 125 142 2.415659012884396e-27 30427.725817443625 0.008678166498497699 0
1 "C IV" 1548.187 2 14.102648981987503 -123.9304512368158 58.087847055724126 190 238 1.5563810864107841e-25 10140.98431776369 0.13864600743675629 0
2 "C IV" 1548.187 2 13.442368401548388 -82.69842821967127 10.742644865329774 256 262 2.156194601181851e-26 207620.0985643545 0.275894868346548 0
3 "C IV" 1548.187 2 13.174355689232298 -67.80513411757397 5.3560976683372745 264 266 2.653027039472801e-26 88839.55096167499 0.26543123414265263 0
4 "C IV" 1548.187 2 13.936047329130897 -64.84999157189473 4.190048862686088 267 270 2.798542045640528e-26 72039.7354201485 0.24946928746761735 0
5 "C IV" 1548.187 2 14.34899547165059 -13.261281654095807 82.24716305889811 277 285 1.678090651025043e-25 13485.813780395538 0.28088315696605853 0
6 "C IV" 1548.187 2 14.980362814030286 -53.2951696801908 50.302712199240304 354 570 2.6277224245620736e-26 12036.961162417876 0.2379814478952284 0
7 "C IV" 1548.187 2 14.72343576458144 -171.0627140976435 22.268683804804734 578 741 4.258589747129909e-27 18135.955762500413 0.0670963377900819 0
8 "C IV" 1548.187 2 13.367019401553463 -72.15131152263885 10.39181332791501 758 795 3.028569522956882e-27 40894.23813912939 0.022909455123044667 0
9 "C IV" 1548.187 2 13.699272011966299 -109.82503403764969 34.09507569740183 870 917 1.5319446101716717e-26 18457.19879756362 0.01669861122504572 0
10 "C IV" 1548.187 2 13.138868997895278 -155.69724369989706 8.792403283980235 1035 1059 1.9303520195018752e-27 78184.40982632556 0.0462762919349703 0
11 "C IV" 1548.187 2 15.034394419410837 -118.91096429198362 102.12913431411442 1108 1381 3.657608064743501e-26 15567.437551294928 0.11535275617113082 0
12 "C IV" 1548.187 2 14.220006675202818 145.33150704067108 43.99425653953814 1385 1421 2.2405488925204503e-26 26437.65322994842 0.0958077413616483 0
13 "C IV" 1548.187 2 14.16682275736413 191.84138324087917 19.266129692926576 1438 1481 7.244004305072864e-26 11240.69548732805 0.0855195161077219 0
14 "C IV" 1548.187 2 13.939619608586295 229.39328284685445 6.249648425989246 1494 1525 1.5108688434131796e-26 23572.3012159048 0.04602819805917586 0
15 "C IV" 1548.187 2 13.903630951117595 237.73824534501102 14.75291648391327 1548 1585 2.8912525634647223e-25 11966.458128614255 0.024160076760938752 0
16 "C IV" 1548.187 2 13.279882705561809 -37.892176438360856 5.770336780990831 262 272 4.939405486379062e-27 55333.40374553016 0.027636905856689396 1
17 "C IV" 1548.187 2 13.374255691804189 -55.16790486184351 4.606907388474106 279 306 3.788594005558746e-27 27377.26424013572 0.021467752991760642 1
18 "C IV" 1548.187 2 13.748717660960885 -83.63553716563536 13.047178359997647 306 349 1.810216185784355e-26 14534.717738104127 0.0208651142019795 1
19 "C IV" 1548.187 2 13.251206895526842 -114.71634867162022 7.942782237458647 443 456 1.1028217885664708e-26 27901.037254470764 0.021828305587945733 1
20 "C IV" 1548.187 2 13.62738332638966 -139.0159342297684 7.9319086844575 488 523 8.864327690465357e-27 18867.476230638997 0.015863510120042584 1
21 "C IV" 1548.187 2 15.174747233406247 -168.99744588594098 34.38876987873364 540 893 2.821257927835462e-26 13594.248005320116 0.09776722664173669 1
22 "C IV" 1548.187 2 14.346305599367025 -284.1377484236086 21.387784130438593 893 971 9.54364013940665e-27 14503.569901946621 0.04317822007357327 1
23 "C IV" 1548.187 2 13.54091627339893 6.482409589100085 94.73481156233251 979 990 1.776535536549255e-25 9239.03234005455 0.12135720273758728 1
24 "C IV" 1548.187 2 13.987723240014356 -8.285306666854988 13.939382968458268 990 999 1.2636949968894275e-25 9628.213289651068 0.17680753780469716 1
25 "C IV" 1548.187 2 14.341841941172193 143.5450544677823 25.235752297174972 1003 1027 9.084196633217019e-25 1594.7529143424567 0.9424412616793012 1
26 "C IV" 1548.187 2 14.086841810135153 155.28971712379172 17.533351888278574 1032 1035 1.837495656310435e-25 5940.2376735399275 1.0095713054780513 1
27 "C IV" 1548.187 2 13.787996561591033 251.3647033083324 7.341656967263989 1071 1084 2.7311442480352828e-25 8740.601499739865 0.20823293025486492 1
28 "C IV" 1548.187 2 13.92176337737944 129.2309013285531 31.20336195780479 1084 1109 3.5259378250081015e-27 146309.50120876558 0.34439183636753223 1
29 "C IV" 1548.187 2 14.814441804623442 52.13644175379779 15.274966008970038 1200 1234 6.136277326743905e-27 14463.913153167201 0.30770373827128294 1
30 "C IV" 1548.187 2 13.901671778320747 2.7185140697109653 11.979022957498158 1247 1260 1.937445971958365e-27 51427.70365245617 0.424726780951518 1
31 "C IV" 1548.187 2 13.384669219075974 -114.00885676075949 10.629290777355122 1295 1306 1.4104576954906781e-27 120884.01421325456 0.35301545172602833 1
32 "C IV" 1548.187 2 13.781819928173025 -25.674010559217542 6.639897243485386 1340 1350 2.172324957524145e-27 76577.19596721741 0.44517603740767875 1
33 "C IV" 1548.187 2 13.704330932089324 124.6543327778761 12.820700490565725 1565 1573 1.2194928856597456e-26 32617.70624292053 0.09926804105295078 1
34 "C IV" 1548.187 2 14.098988887687073 180.0004446532871 19.505865105999643 1648 1660 5.061133370703804e-27 45547.85177007937 0.28055599422762906 1
35 "C IV" 1548.187 2 14.271172028736444 -104.25258794045041 9.73877068466883 330 362 3.812197625688439e-26 11645.389087677939 0.07532603149213449 2
36 "C IV" 1548.187 2 14.931715501667812 -163.79872369613943 14.875766482001316 366 479 6.030688739346596e-26 10703.932072162816 0.11111242784978156 2
37 "C IV" 1548.187 2 13.634102244153624 -156.63317124225867 20.733936039674134 503 518 6.724257637266304e-27 39908.07388191956 0.07590309265745987 2
38 "C IV" 1548.187 2 14.084469967191842 37.11870163908885 11.357719682302458 525 544 1.2807556626060561e-26 26895.713671932706 0.10782386900691208 2
39 "C IV" 1548.187 2 13.254209401304454 7.369155230618877 7.511693681929633 551 556 5.127472510123372e-27 61730.51266820729 0.14965461805513428 2
40 "C IV" 1548.187 2 14.174111308695489 -23.597557498216336 30.528327619504648 607 623 1.0812942797185163e-25 10253.603358453203 0.21750693361958273 2
41 "C IV" 1548.187 2 14.18492460140083 -213.8518349584079 6.64139560038224 682 695 4.3062427436224474e-27 29509.196396777406 0.27072016124071724 2
42 "C IV" 1548.187 2 13.831957920333627 152.08015657567455 7.1821034363466545 839 868 1.85201701264361e-26 17350.121898145448 0.02389280247524275 2
43 "C IV" 1548.187 2 13.721982668601015 39.117885556095445 6.993809844441476 274 294 6.15320187195485e-28 67826.21207943022 0.45671339408319295 3
44 "C IV" 1548.187 2 13.077640836543008 91.05843190305636 11.916702759343886 327 339 3.647869449334078e-28 93972.96080302019 0.4439155755681009 3
45 "C IV" 1548.187 2 13.98535510660195 9.789909112544764 21.96886964282921 340 394 6.807511710432311e-28 12214.42232447662 0.18823488991792878 3
46 "C IV" 1548.187 2 14.963307193895627 -53.440388866918106 50.158991329389536 411 677 9.084426963190449e-26 11625.822131704315 0.07282660394643226 3
47 "C IV" 1548.187 2 13.902850411403245 83.82626893330796 5.832580129929106 757 776 1.098006305340174e-26 22982.204336253413 0.09203586034231835 3
48 "C IV" 1548.187 2 13.40567314734221 206.17513096110378 17.706360470032987 794 829 9.462270602595804e-27 26994.653752169535 0.01571917982327454 3
49 "C IV" 1548.187 2 13.092435918652042 15.080431655873548 16.977088464019594 866 921 5.59477918867797e-28 125989.81066377429 0.20340843245411508 3
