 name wave redshift col_dens delta_v vel_dispersion interval_start interval_end density temperature metallicity lightray_index
0 "O VI" 1031.912 2 14.086544636773988 -161.3923123214823 27.223709758585507 97 199 3.325332385578524e-27 114335.16732696065 0.021150240276972005 0
1 "O VI" 1031.912 2 14.25746896762977 -96.79289098713754 23.058936382572824 255 270 2.4597001261022685e-26 151376.44838658304 0.2680196354750904 0
2 "O VI" 1031.912 2 14.743922381725206 -33.28595575568967 48.483924810679184 334 487 2.4499171028510283e-26 79576.0481697209 0.2598538064556959 0
3 "O VI" 1031.912 2 14.094042680607746 -104.74344881711481 56.76536139026687 490 816 3.5765370425895035e-27 30613.50986721284 0.05590068792563775 0
4 "O VI" 1031.912 2 12.999180143015968 37.751978363853915 20.820995326117174 816 823 3.1837381567517498e-28 582986.5594265332 0.22492345393945745 0
5 "O VI" 1031.912 2 13.085056697280264 -142.19291076821767 6.709542482225376 975 987 1.819081080370724e-27 90187.12289145186 0.03467104282518518 0
6 "O VI" 1031.912 2 14.110905142601274 -180.08110855074338 28.041218842635303 1011 1246 9.658693166751135e-27 42518.65088667869 0.06694251276416771 0
7 "O VI" 1031.912 2 14.357041585311554 -20.81656150385443 81.04391368516873 1262 1364 7.854041501835645e-27 11502.617027395574 0.17085162045244637 0
8 "O VI" 1031.912 2 14.140072799610941 107.5515016600239 30.53297740093054 1375 1392 6.422384876288143e-27 169928.3714220579 0.1512044485686151 0
9 "O VI" 1031.912 2 13.415952885670002 168.26392721626362 30.72321248793597 1409 1450 1.9285025983157728e-26 25530.544193959107 0.11423900875934155 0
10 "O VI" 1031.912 2 13.132865831741947 201.0223118531457 23.21193664853241 1472 1511 1.3516282974666373e-26 21158.55473911011 0.05395551810363119 0
11 "O VI" 1031.912 2 13.089361225440243 188.0701583605928 35.53200451615641 1513 1527 9.594614303699256e-27 53946.744362564656 0.05871653558106573 0
12 "O VI" 1031.912 2 12.993914343026326 64.03562517548458 68.49045125132037 1612 1625 1.5971627462553245e-27 347229.63599129824 0.33208594060187174 0
13 "O VI" 1031.912 2 13.264289684418497 -0.0211531813874679 23.741102076053465 1808 1859 2.2789820000790307e-28 756596.4909125248 0.21561843150509397 0
14 "O VI" 1031.912 2 13.669024460702914 98.79688639392675 19.52033635304395 1910 1951 4.980340850919226e-28 62394.022093742664 0.012219427484850422 0
15 "O VI" 1031.912 2 13.595800390873372 -89.35128808429387 4.901483757196232 35 66 1.011163299185805e-28 88525.94898276059 0.04349854516703846 1
16 "O VI" 1031.912 2 13.508876116175312 -38.12207065898161 18.623517827182194 214 315 3.791084573405715e-27 101840.2052874495 0.03484009064167283 1
17 "O VI" 1031.912 2 12.84814905186307 -78.90523229419273 17.432567126056824 332 370 1.2339080579596415e-26 27848.842475104746 0.019261843263103463 1
18 "O VI" 1031.912 2 12.820116864592825 -124.78061393347903 27.579441970056017 426 487 9.294866294826113e-27 78516.87464927392 0.024678290882500654 1
19 "O VI" 1031.912 2 13.698448436144647 -140.63894328515218 17.526795218318306 633 713 1.0913106279093292e-26 14267.246934504552 0.047955111847568246 1
20 "O VI" 1031.912 2 13.306010316020355 -155.53533606623145 6.34792174798109 715 752 9.36195365483259e-27 13045.097165351714 0.12238850219172084 1
21 "O VI" 1031.912 2 13.95395961021973 -231.93228276591356 24.870374278422034 815 945 6.0374783361164115e-27 15514.736409881232 0.060591563026195235 1
22 "O VI" 1031.912 2 13.614640141108449 127.13717837806217 86.36845810937315 996 1009 6.040244435885973e-27 19478.766964587438 0.4167979877993741 1
23 "O VI" 1031.912 2 14.441997756582198 114.47118717682109 53.11396476050476 1080 1123 4.023301076086659e-27 139745.31018206474 0.32022099016763456 1
24 "O VI" 1031.912 2 13.760753529083626 37.93077316818755 21.986321238768923 1199 1240 6.079217205767679e-27 17270.646765432048 0.3079972598286924 1
25 "O VI" 1031.912 2 13.697144093500329 -2.361461550824363 30.681285951449443 1241 1263 1.815644549653605e-27 72530.53633178781 0.42908454099893273 1
26 "O VI" 1031.912 2 13.975336681856065 -128.5344854657143 32.68072269340787 1289 1324 8.902871502724242e-28 343730.1466471522 0.39517056901350994 1
27 "O VI" 1031.912 2 13.59173438078843 -29.03375519071389 14.742097712935665 1337 1353 1.980469711054895e-27 119634.25162993465 0.44585860132168453 1
28 "O VI" 1031.912 2 13.6454277954505 55.65093781753881 17.001881981963358 1508 1535 1.9335537490541035e-27 678162.2538515939 0.20918430885164885 1
29 "O VI" 1031.912 2 13.407394186391652 81.35474511534787 49.95901845877433 1560 1589 1.0894980039789877e-26 83882.93687145649 0.1100211849707598 1
30 "O VI" 1031.912 2 14.159533981182538 99.45966781957979 60.259352873185904 1644 1663 4.891572030080446e-27 198696.19862185908 0.2825679832239055 1
31 "O VI" 1031.912 2 13.282515005965 5.603098664217977 19.98643066827767 1718 1733 4.157512471143519e-28 286561.6631903916 0.2744497190467791 1
32 "O VI" 1031.912 2 13.005978594354483 111.42258004556531 5.190962972592521 1891 1941 4.135123642547728e-28 211891.35711736607 0.004562616360402047 1
33 "O VI" 1031.912 2 13.090579455779572 59.057934686404906 17.43176641445698 1941 1962 1.1321153130838907e-27 232782.49963882644 0.002677591967189087 1
34 "O VI" 1031.912 2 13.036429690078037 -88.18860040065194 5.718827047571935 56 76 1.859988701810251e-28 179366.7401644635 0.02424629349705122 2
35 "O VI" 1031.912 2 13.258846961318122 -124.2942239283324 23.804817098785893 328 349 2.110953903106095e-26 14058.548299349286 0.08348356316019385 2
36 "O VI" 1031.912 2 13.186845388757861 -156.57598064495966 10.579935764005027 372 426 1.6327262814716806e-26 12650.11211372502 0.10312545194151199 2
37 "O VI" 1031.912 2 13.504427125019033 -119.7307134078391 33.079942153095615 498 521 6.099695508372482e-27 89720.70864529867 0.08432109186348333 2
38 "O VI" 1031.912 2 13.381805117578294 1.587336973767859 21.453307991082802 524 558 1.1620487411398038e-26 47843.860770044506 0.11505371307005936 2
39 "O VI" 1031.912 2 13.657214190655269 -128.55121237300577 47.837152613644584 618 648 1.6857497278635667e-26 78655.20162665668 0.19768686040704345 2
40 "O VI" 1031.912 2 13.680591958538777 -235.68393167778228 20.453830584998364 681 705 3.948940546581593e-27 51442.97911012955 0.27330429619157814 2
41 "O VI" 1031.912 2 14.432982718975179 -166.19932840457045 6.170841566863939 708 725 7.986239513732196e-28 460788.9910058941 0.9666153095826618 2
42 "O VI" 1031.912 2 12.887795210963192 121.67502276758114 25.728068881358535 856 886 9.821123250340188e-27 60768.927254812734 0.04073836716626785 2
43 "O VI" 1031.912 2 13.01962157572667 -105.95057730125242 3.823381164725468 56 62 2.23743443576033e-28 70632.27441108695 0.007195899592683677 3
44 "O VI" 1031.912 2 14.116777045210796 -133.66252729284 13.022883987815165 63 91 2.9530193481671302e-28 59673.743721009545 0.018481981079761102 3
45 "O VI" 1031.912 2 13.69964647112281 89.3583254377386 24.01777092190645 198 257 8.111416401481215e-29 244413.45631935215 0.5486384982963243 3
46 "O VI" 1031.912 2 14.429202798321063 44.630111636072776 14.22728545105081 271 301 5.584280285696976e-28 89843.54664043542 0.46166495736153756 3
47 "O VI" 1031.912 2 14.633931070540335 55.73749938312003 56.90508743459877 317 408 5.27380829144082e-28 73342.98132027773 0.28273191154384486 3
48 "O VI" 1031.912 2 14.02898440777122 -52.1918873744818 28.479325755223826 420 480 7.542142386102256e-27 21757.871114571335 0.14903459728560686 3
49 "O VI" 1031.912 2 12.993086516867251 2.2410995269615017 8.634128298745054 556 598 9.044581371588867e-27 15734.787699979697 0.06695639976874708 3
50 "O VI" 1031.912 2 13.586106142426146 -187.6623354214732 13.18138456983533 609 666 3.2950353062039344e-27 29567.13191832718 0.06056553936767118 3
51 "O VI" 1031.912 2 13.965098919421786 79.00235531622563 16.49811294255269 685 749 8.094088978929518e-28 230872.9211399575 0.12873062921354858 3
52 "O VI" 1031.912 2 12.858295539748093 83.832599838564 16.678786843791638 749 782 1.0718458679816696e-26 34054.146127444794 0.09134840756958071 3
53 "O VI" 1031.912 2 14.350866843435004 10.844918144667426 47.08968292885058 818 944 5.556504588703311e-28 178489.35462780116 0.1985739737722038 3
54 "O VI" 1031.912 2 14.044229643695527 -59.72591097356626 21.882668508324226 946 968 2.6900665740249515e-28 327966.5469767182 0.4284619577464787 3
