 name wave redshift col_dens delta_v vel_dispersion interval_start interval_end density temperature metallicity lightray_index
0 "O VI" 1031.912 2 13.830515284549781 -115.14791413535326 10.340070106699986 112 118 6.498003199460344e-27 472768.35487121297 0.3333480338193328 0
1 "O VI" 1031.912 2 13.607487955751875 -77.91605660096607 3.388650283719026 118 126 2.4488013941792066e-26 106467.4967722834 0.2598295001718867 0
2 "O VI" 1031.912 2 14.51749912619682 -37.039206150613296 47.627173871737455 194 320 4.436505890285442e-27 244357.33100821424 0.2826604445380906 0
3 "O VI" 1031.912 2 13.747169928649985 -109.87673680778003 63.94078786314708 347 598 3.914320028130656e-27 17645.65790183895 0.06397791779972559 0
4 "O VI" 1031.912 2 13.23934670131312 -105.05290691353106 24.196019493333985 600 671 2.3336071749010556e-27 74240.85056966882 0.024776449176000873 0
5 "O VI" 1031.912 2 12.860276907354807 -146.6880446580289 6.543276598944757 833 843 1.851787787840918e-27 71914.35563662322 0.03201794772492654 0
6 "O VI" 1031.912 2 12.809975791540515 -158.41823427143842 1.739329353991656 872 874 6.97021709948291e-28 203019.65821305086 0.0706147635273909 0
7 "O VI" 1031.912 2 13.766436129413677 -185.152579749959 25.505609102290148 884 1055 3.1499233520974006e-27 54995.94601176423 0.03892565719501707 0
8 "O VI" 1031.912 2 13.02804381425694 -208.52946975582063 5.2716861004927855 1055 1098 8.299012051731742e-27 15351.756879530116 0.08530473560743398 0
9 "O VI" 1031.912 2 14.133706191055959 -25.225174027144497 81.0454247220623 1119 1220 2.5068580502056098e-27 11261.8601868786 0.16941804598893198 0
10 "O VI" 1031.912 2 13.916814248947306 103.13605156788127 30.53294073324286 1232 1249 6.422384876285406e-27 169928.37142209362 0.15120444856863743 0
11 "O VI" 1031.912 2 13.19213881653446 163.8365660605329 30.742037735783594 1268 1306 1.043090091129814e-26 36681.0865637471 0.10783597754473945 0
12 "O VI" 1031.912 2 12.9090666315819 196.57982565944275 23.21416932233925 1330 1366 9.294208948905418e-27 24702.328007406504 0.06008342533346062 0
13 "O VI" 1031.912 2 12.863167825771425 184.26543944100104 30.720164084161006 1372 1382 5.1094717093866655e-27 62667.718897470695 0.07844255013227967 0
14 "O VI" 1031.912 2 12.854078885890766 -11.772626463094532 8.810359681961636 1670 1680 2.702262525120444e-28 543041.492105806 0.3671687440941942 0
15 "O VI" 1031.912 2 13.28785100513225 100.74314987444109 2.8294380672892445 1783 1791 5.954100837049486e-28 50931.42976915633 0.010899687694021174 0
16 "O VI" 1031.912 2 13.284761094639439 30.66915940175068 18.4567252187833 117 217 3.7996053689672446e-27 99836.42680017564 0.03450084294429223 1
17 "O VI" 1031.912 2 13.475152131657223 -71.73845837298846 17.526783101895404 535 615 1.0913106279045549e-26 14267.246934514356 0.04795511184752451 1
18 "O VI" 1031.912 2 13.082708566844794 -86.63496518828187 6.347933889434457 617 654 9.361953654867004e-27 13045.097165353483 0.12238850219165019 1
19 "O VI" 1031.912 2 13.730638175139315 -163.03074583996644 24.870447019865395 717 846 5.953952024321374e-27 15520.394191973726 0.06045881045367876 1
20 "O VI" 1031.912 2 13.391349826089373 196.03805289894026 86.36824356069212 898 911 6.040244436067138e-27 19478.766964396626 0.4167979878017865 1
21 "O VI" 1031.912 2 14.218643649610753 183.3956881908926 53.08657988352019 982 1024 4.036167008550216e-27 137657.56355825256 0.3204309276634702 1
22 "O VI" 1031.912 2 13.537458794383873 106.83083862665437 21.986399387571456 1101 1142 6.079217205786886e-27 17270.64676533738 0.30799725982867876 1
23 "O VI" 1031.912 2 13.473691721411463 66.53467088965789 30.68818686926829 1144 1165 1.825464846351661e-27 68283.94027720598 0.4281786510237585 1
24 "O VI" 1031.912 2 13.751513160816984 -59.50802432925038 32.495675287069325 1191 1225 9.18964318427478e-28 303840.35294572735 0.39324097203720343 1
25 "O VI" 1031.912 2 13.36844149708434 39.86646641707005 14.74241000636453 1239 1255 1.980469711057358e-27 119634.25162977092 0.44585860132161265 1
26 "O VI" 1031.912 2 13.42099947117264 124.65512768782146 16.61756378704703 1412 1435 2.0194779496017382e-27 606279.0670235095 0.19747995547479166 1
27 "O VI" 1031.912 2 13.18412906557877 150.2546395517375 49.95939441243282 1462 1491 1.0894980039810501e-26 83882.93687128271 0.11002118497075465 1
28 "O VI" 1031.912 2 13.936151726641192 168.36333133574882 60.27570592569008 1547 1565 4.966320866850681e-27 151391.01760537623 0.2806994219707543 1
29 "O VI" 1031.912 2 13.058553723578765 74.46631826028954 19.983331164733563 1620 1634 4.21336984734563e-28 281580.70923008653 0.27186891997907336 1
30 "O VI" 1031.912 2 12.800343336123927 125.17954849966856 17.16633892809895 1843 1860 1.1062458741617164e-27 256056.1260310186 0.003012217445894333 1
31 "O VI" 1031.912 2 13.035045572070803 -237.57173733121488 23.810619589272502 263 281 1.4636666736814748e-26 15811.941908469262 0.0939217432645674 2
32 "O VI" 1031.912 2 12.9000164283164 -247.7676437959851 40.98622088802689 433 451 5.8630367643849714e-27 44893.5464168216 0.08124646118848834 2
33 "O VI" 1031.912 2 13.041265895859707 -222.6425821302077 2.8682323538861376 453 455 2.943305057492559e-27 271585.2166021066 0.11052943777024145 2
34 "O VI" 1031.912 2 13.146499781554462 -112.37904461907644 20.5894492441628 466 492 5.093910866802589e-27 59019.93791086072 0.1240774458052523 2
35 "O VI" 1031.912 2 13.173565919884211 -211.71383846124456 18.464834005978357 553 561 1.8559810585106283e-26 36202.04601118319 0.19338970207268402 2
36 "O VI" 1031.912 2 12.867802989431757 -278.59177991498996 32.72446500849028 564 571 5.788435149770298e-28 397422.1604612563 0.22289005260017178 2
37 "O VI" 1031.912 2 13.456765869029276 -348.91660047725196 20.456346579858927 616 638 3.98370104690589e-27 42605.93712364519 0.271959573520695 2
38 "O VI" 1031.912 2 14.208757691290678 -279.2802427843646 4.0547862334715745 643 652 9.188056202258057e-28 324462.68068161013 0.9748959711694656 2
39 "O VI" 1031.912 2 13.753637901846256 39.492423904236965 8.43800213105623 0 16 3.571390219810943e-28 51555.3604407148 0.021527817127000116 3
40 "O VI" 1031.912 2 13.4763909260791 267.55572155340457 24.01779219257463 126 185 8.111416401483257e-29 244413.45631942482 0.5486384982963175 3
41 "O VI" 1031.912 2 14.205920766320553 222.82775802222676 14.227593428558507 199 229 5.584280285698308e-28 89843.54664039315 0.46166495736148766 3
42 "O VI" 1031.912 2 14.4106547263403 233.93567907775113 56.90528196440069 245 336 5.273808291451109e-28 73342.98132030768 0.2827319115439002 3
43 "O VI" 1031.912 2 13.805648474446585 126.00023952025559 28.4778300058977 348 407 6.81598775488036e-27 22111.723417732464 0.1515878389196211 3
44 "O VI" 1031.912 2 13.362807065334014 -9.464980730034656 13.181350933467934 537 594 3.295035306180998e-27 29567.131918361803 0.06056553936766076 3
45 "O VI" 1031.912 2 13.741832052290684 257.20007701484906 16.498041593547295 613 677 8.094088978932205e-28 230872.92113984903 0.12873062921357986 3
46 "O VI" 1031.912 2 14.127593797671745 189.04187339535426 47.089868207362386 746 872 5.556504588700011e-28 178489.354627853 0.19857397377225292 3
47 "O VI" 1031.912 2 13.820969914836498 118.47137003690068 21.8827314478186 874 896 2.690066574023392e-28 327966.5469767564 0.42846195774656315 3
