 name wave redshift col_dens delta_v vel_dispersion interval_start interval_end density temperature metallicity lightray_index
0 "O VI" 1031.912 2 13.581991833426668 -140.00524750320574 52.24094890275717 0 55 6.43038003579843e-27 385504.1480218251 0.05292960686535773 0
1 "O VI" 1031.912 2 14.502272636877047 -101.20851319441725 23.05892462220699 112 127 2.4597001261056572e-26 151376.44838634192 0.2680196354750973 0
2 "O VI" 1031.912 2 12.840555110258743 26.878031844056824 32.76021583309703 146 155 3.516264714123237e-27 1890568.6356836732 0.4737305853587601 0
3 "O VI" 1031.912 2 14.98734359073416 -37.64078401531222 48.53679763970372 191 321 5.192512277765741e-27 265112.4886298978 0.28816763677222745 0
4 "O VI" 1031.912 2 14.338810385826475 -109.1584253002584 56.765206715199604 347 673 3.576537042587992e-27 30613.509867191147 0.055900687925671405 0
5 "O VI" 1031.912 2 13.239399245236289 34.127224159483006 18.904662388906146 674 680 3.499043173804282e-28 402257.8329761474 0.14950796453678428 0
6 "O VI" 1031.912 2 13.328908087764244 -146.64489322023337 6.664310203031678 833 844 1.8485421379131516e-27 72672.98004584468 0.032161194624548396 0
7 "O VI" 1031.912 2 14.355651003844804 -184.4926502431422 28.039942525142358 868 1100 5.937891684055334e-27 46813.4544860448 0.06346957609699849 0
8 "O VI" 1031.912 2 14.601808830498104 -25.23141134170257 81.04405229626828 1119 1221 7.854041501713268e-27 11502.617027394912 0.17085162045239272 0
9 "O VI" 1031.912 2 14.384875877909929 103.13605156788127 30.532940733242857 1232 1249 6.422384876285406e-27 169928.37142209362 0.15120444856863743 0
10 "O VI" 1031.912 2 13.660730783365635 163.84919844286227 30.7234186760475 1266 1307 1.9285025983251805e-26 25530.54419403575 0.11423900875923348 0
11 "O VI" 1031.912 2 13.377644340052914 196.60604479067246 23.212175514465095 1329 1368 1.3516282974745506e-26 21158.554739050644 0.05395551810355742 0
12 "O VI" 1031.912 2 13.334149768129327 183.65409244634162 35.53231744689929 1370 1384 9.594614303714777e-27 53946.74436274874 0.05871653558075067 0
13 "O VI" 1031.912 2 13.2387098506915 59.6191637752696 68.49047196982727 1469 1482 1.5971627462435832e-27 347229.6359943618 0.3320859406033674 0
14 "O VI" 1031.912 2 13.504288158652788 -4.687788571513812 25.307918582162316 1664 1712 2.354523886488378e-28 792223.5710837085 0.2279472006423013 0
15 "O VI" 1031.912 2 13.84443003362161 91.98569238783652 20.514093858534793 1767 1792 5.348522542408059e-28 76553.35121240794 0.024285066669629263 0
16 "O VI" 1031.912 2 13.75282272360206 30.669159401750665 18.456725218783298 117 217 3.7996053689672446e-27 99836.42680017564 0.03450084294429223 1
17 "O VI" 1031.912 2 13.09222393720321 -9.985684505223267 17.44213961852868 235 272 1.1542648571231089e-26 29578.155311760238 0.019067012510127598 1
18 "O VI" 1031.912 2 12.907779797874625 -100.29984191854129 13.897889903619634 482 527 5.061696998465673e-27 20762.794733607952 0.015394622138711714 1
19 "O VI" 1031.912 2 13.943213760619846 -71.73845837298846 17.526783101895404 535 615 1.0913106279045549e-26 14267.246934514356 0.04795511184752451 1
20 "O VI" 1031.912 2 13.550770195807415 -86.63496518828187 6.347933889434456 617 654 9.361953654867004e-27 13045.097165353483 0.12238850219165019 1
21 "O VI" 1031.912 2 14.198699804101937 -163.03074583996641 24.870447019865395 717 846 5.953952024321374e-27 15520.394191973726 0.06045881045367876 1
22 "O VI" 1031.912 2 13.859411455051996 196.03805289894026 86.36824356069212 898 911 6.040244436067138e-27 19478.766964396626 0.4167979878017865 1
23 "O VI" 1031.912 2 14.686705278573374 183.39568819089257 53.086579883520194 982 1024 4.036167008550216e-27 137657.56355825256 0.3204309276634702 1
24 "O VI" 1031.912 2 14.005520423346494 106.83083862665437 21.986399387571456 1101 1142 6.079217205786886e-27 17270.64676533738 0.30799725982867876 1
25 "O VI" 1031.912 2 13.941753350374086 66.53467088965789 30.688186869268282 1144 1165 1.825464846351661e-27 68283.94027720598 0.4281786510237585 1
26 "O VI" 1031.912 2 14.219574789779607 -59.50802432925037 32.49567528706932 1191 1225 9.18964318427478e-28 303840.35294572735 0.39324097203720343 1
27 "O VI" 1031.912 2 13.836503126046962 39.86646641707006 14.742410006364532 1239 1255 1.980469711057358e-27 119634.25162977092 0.44585860132161265 1
28 "O VI" 1031.912 2 13.889061100135264 124.6551276878215 16.617563787047033 1412 1435 2.0194779496017382e-27 606279.0670235095 0.19747995547479166 1
29 "O VI" 1031.912 2 13.65219069454139 150.25463955173748 49.959394412432815 1462 1491 1.0894980039810501e-26 83882.93687128271 0.11002118497075465 1
30 "O VI" 1031.912 2 14.404213355603815 168.36333133574882 60.27570592569009 1547 1565 4.966320866850681e-27 151391.01760537623 0.2806994219707543 1
31 "O VI" 1031.912 2 13.526615352541388 74.46631826028954 19.983331164733563 1620 1634 4.21336984734563e-28 281580.70923008653 0.27186891997907336 1
32 "O VI" 1031.912 2 13.250779625095015 180.32301356077997 5.190940941972555 1793 1843 4.135123642549086e-28 211891.35711732108 0.004562616360397243 1
33 "O VI" 1031.912 2 13.26840496508655 125.17954849966857 17.16633892809895 1843 1860 1.1062458741617164e-27 256056.1260310186 0.003012217445894333 1
34 "O VI" 1031.912 2 13.503616807086942 -237.54609366008916 23.804847479281275 263 284 2.110953903105455e-26 14058.548299351232 0.08348356316017254 2
35 "O VI" 1031.912 2 13.43134084008479 -269.8414046301447 10.567851292860624 308 361 1.4295750588762712e-26 12861.32778109612 0.1042112612541948 2
36 "O VI" 1031.912 2 13.749215367077467 -232.9810505450983 33.079674484687985 433 456 6.099695508373512e-27 89720.7086452875 0.08432109186347835 2
37 "O VI" 1031.912 2 13.626578487637985 -111.66472516154761 21.453258880373586 459 493 1.1620487411398651e-26 47843.86077003889 0.11505371307005857 2
38 "O VI" 1031.912 2 13.902015646297933 -241.80312105049367 47.83711661463861 553 583 1.685749727862634e-26 78655.2016264106 0.19768686040698596 2
39 "O VI" 1031.912 2 13.925191621001833 -348.9364496029726 20.458801806977146 616 639 3.964800495608176e-27 46544.93330686472 0.272607304730953 2
40 "O VI" 1031.912 2 14.677782399333365 -279.4508160588424 6.170829000849577 643 660 7.986239513731927e-28 460788.99100594595 0.966615309582662 2
41 "O VI" 1031.912 2 12.858714160459655 -34.84890275472487 48.00393986837778 718 785 8.546589187657871e-27 367953.14762627636 0.07379594469888567 2
42 "O VI" 1031.912 2 13.132580090116496 8.422794096552106 25.72833628431885 791 821 9.821123250338177e-27 60768.92725480806 0.0407383671662708 2
43 "O VI" 1031.912 2 14.241826231050739 38.96202524972435 8.607223064067552 0 19 3.5116303363518322e-28 51838.90317129221 0.023394466098376875 3
44 "O VI" 1031.912 2 14.751315162275606 230.12646847856269 23.348230095400947 120 229 3.8568226004489727e-28 154750.9876727697 0.49192665275539516 3
45 "O VI" 1031.912 2 14.978854770118454 211.8949810296315 68.2020281654734 242 409 1.2930918046407058e-26 32820.12541334349 0.16529881683610895 3
46 "O VI" 1031.912 2 13.395335396553993 155.61677434312114 39.554348260922744 451 529 1.7754437125551592e-26 14425.14425835647 0.08668101267075473 3
47 "O VI" 1031.912 2 13.864389969905274 6.623447945896501 62.50284212285451 534 605 7.047350837789693e-27 24371.5006590022 0.06401340792151515 3
48 "O VI" 1031.912 2 14.242743421256822 257.5396951524453 16.50307912887207 613 712 8.259359157232183e-27 83397.17126948925 0.10049330032136417 3
49 "O VI" 1031.912 2 14.773075770812728 166.18681474711659 54.418909832777814 733 900 4.7837788873980045e-27 133838.16262783972 0.13429216246702527 3
