 name wave redshift col_dens delta_v vel_dispersion interval_start interval_end density temperature metallicity lightray_index
0 "O VI" 1031.912 2 12.843803319014599 -154.50544883826203 23.037897304508107 8 31 4.537444659122655e-28 656648.1337639579 0.04477299609898784 0
1 "O VI" 1031.912 2 12.822101963312594 -203.78093749377803 7.399203490456513 31 54 1.3638274861436695e-26 42882.27889474005 0.04453793894017446 0
2 "O VI" 1031.912 2 14.109293285120172 -115.14791413535328 10.340070106699988 112 118 6.498003199460344e-27 472768.35487121297 0.3333480338193328 0
3 "O VI" 1031.912 2 13.886265956322266 -77.91605660096609 3.388650283719026 118 126 2.4488013941792066e-26 106467.4967722834 0.2598295001718867 0
4 "O VI" 1031.912 2 14.79627712676721 -37.039206150613296 47.62717387173746 194 320 4.436505890285442e-27 244357.33100821424 0.2826604445380906 0
5 "O VI" 1031.912 2 14.025947929220376 -109.87673680778002 63.94078786314706 347 598 3.914320028130656e-27 17645.65790183895 0.06397791779972559 0
6 "O VI" 1031.912 2 13.518124701883512 -105.05290691353103 24.196019493333985 600 671 2.3336071749010556e-27 74240.85056966882 0.024776449176000873 0
7 "O VI" 1031.912 2 13.049075073023213 34.282398837983 18.56459142690999 675 680 3.5690496924172673e-28 365518.0610731202 0.13282825646547966 0
8 "O VI" 1031.912 2 13.139054907925198 -146.6880446580289 6.543276598944757 833 843 1.851787787840918e-27 71914.35563662322 0.03201794772492654 0
9 "O VI" 1031.912 2 13.088753792110905 -158.41823427143845 1.7393293539916557 872 874 6.97021709948291e-28 203019.65821305086 0.0706147635273909 0
10 "O VI" 1031.912 2 14.045214129984068 -185.152579749959 25.505609102290148 884 1055 3.1499233520974006e-27 54995.94601176423 0.03892565719501707 0
11 "O VI" 1031.912 2 13.30682181482733 -208.52946975582066 5.271686100492787 1055 1098 8.299012051731742e-27 15351.756879530116 0.08530473560743398 0
12 "O VI" 1031.912 2 14.41248419162635 -25.225174027144497 81.0454247220623 1119 1220 2.5068580502056098e-27 11261.8601868786 0.16941804598893198 0
13 "O VI" 1031.912 2 14.195592249517697 103.13605156788127 30.532940733242867 1232 1249 6.422384876285406e-27 169928.37142209362 0.15120444856863743 0
14 "O VI" 1031.912 2 13.47091681710485 163.8365660605329 30.742037735783597 1268 1306 1.043090091129814e-26 36681.0865637471 0.10783597754473945 0
15 "O VI" 1031.912 2 13.187844632152292 196.5798256594428 23.21416932233925 1330 1366 9.294208948905418e-27 24702.328007406504 0.06008342533346062 0
16 "O VI" 1031.912 2 13.141945826341816 184.26543944100098 30.72016408416099 1372 1382 5.1094717093866655e-27 62667.718897470695 0.07844255013227967 0
17 "O VI" 1031.912 2 13.040796811888441 63.26980839849202 61.592042947874 1471 1479 1.7317863493269367e-27 309497.2729903012 0.3157073009858361 0
18 "O VI" 1031.912 2 13.132856886461157 -11.772626463094538 8.810359681961636 1670 1680 2.702262525120444e-28 543041.492105806 0.3671687440941942 0
19 "O VI" 1031.912 2 12.830810795265311 16.32886584553859 8.907015356524273 1680 1712 1.5799369328859572e-28 577266.1339987117 0.18261924566368595 0
20 "O VI" 1031.912 2 12.916480827307575 52.77106634908628 4.330938711782349 1767 1783 6.386822124803083e-29 259413.5255459758 0.12191341012510672 0
21 "O VI" 1031.912 2 13.56662900570264 100.74314987444109 2.8294380672892445 1783 1791 5.954100837049486e-28 50931.42976915633 0.010899687694021174 0
22 "O VI" 1031.912 2 13.56353909520983 30.669159401750672 18.4567252187833 117 217 3.7996053689672446e-27 99836.42680017564 0.03450084294429223 1
23 "O VI" 1031.912 2 12.902940308810978 -9.985684505223272 17.44213961852868 235 272 1.1542648571231089e-26 29578.155311760238 0.019067012510127598 1
24 "O VI" 1031.912 2 13.753930132227614 -71.73845837298845 17.5267831018954 535 615 1.0913106279045549e-26 14267.246934514356 0.04795511184752451 1
25 "O VI" 1031.912 2 13.361486567415184 -86.63496518828185 6.347933889434455 617 654 9.361953654867004e-27 13045.097165353483 0.12238850219165019 1
26 "O VI" 1031.912 2 14.009416175709706 -163.03074583996644 24.870447019865395 717 846 5.953952024321374e-27 15520.394191973726 0.06045881045367876 1
27 "O VI" 1031.912 2 13.670127826659764 196.0380528989403 86.36824356069214 898 911 6.040244436067138e-27 19478.766964396626 0.4167979878017865 1
28 "O VI" 1031.912 2 14.497421650181144 183.3956881908926 53.08657988352019 982 1024 4.036167008550216e-27 137657.56355825256 0.3204309276634702 1
29 "O VI" 1031.912 2 13.816236794954264 106.83083862665438 21.986399387571456 1101 1142 6.079217205786886e-27 17270.64676533738 0.30799725982867876 1
30 "O VI" 1031.912 2 13.752469721981853 66.53467088965789 30.688186869268286 1144 1165 1.825464846351661e-27 68283.94027720598 0.4281786510237585 1
31 "O VI" 1031.912 2 14.030291161387375 -59.508024329250375 32.49567528706933 1191 1225 9.18964318427478e-28 303840.35294572735 0.39324097203720343 1
32 "O VI" 1031.912 2 13.647219497654731 39.86646641707007 14.742410006364533 1239 1255 1.980469711057358e-27 119634.25162977092 0.44585860132161265 1
33 "O VI" 1031.912 2 13.699777471743031 124.65512768782148 16.617563787047025 1412 1435 2.0194779496017382e-27 606279.0670235095 0.19747995547479166 1
34 "O VI" 1031.912 2 13.46290706614916 150.25463955173754 49.95939441243282 1462 1491 1.0894980039810501e-26 83882.93687128271 0.11002118497075465 1
35 "O VI" 1031.912 2 14.214929727211583 168.36333133574882 60.27570592569009 1547 1565 4.966320866850681e-27 151391.01760537623 0.2806994219707543 1
36 "O VI" 1031.912 2 13.337331724149156 74.46631826028953 19.983331164733567 1620 1634 4.21336984734563e-28 281580.70923008653 0.27186891997907336 1
37 "O VI" 1031.912 2 13.061495996702785 180.3230135607799 5.190940941972555 1793 1843 4.135123642549086e-28 211891.35711732108 0.004562616360397243 1
38 "O VI" 1031.912 2 13.079121336694318 125.17954849966856 17.16633892809895 1843 1860 1.1062458741617164e-27 256056.1260310186 0.003012217445894333 1
39 "O VI" 1031.912 2 13.31433317869471 -237.54609366008918 23.80484747928127 263 284 2.110953903105455e-26 14058.548299351232 0.08348356316017254 2
40 "O VI" 1031.912 2 13.242057211692558 -269.8414046301447 10.567851292860622 308 361 1.4295750588762712e-26 12861.32778109612 0.1042112612541948 2
41 "O VI" 1031.912 2 13.559931738685234 -232.98105054509833 33.07967448468799 433 456 6.099695508373512e-27 89720.7086452875 0.08432109186347835 2
42 "O VI" 1031.912 2 13.437294859245755 -111.66472516154762 21.45325888037359 459 493 1.1620487411398651e-26 47843.86077003889 0.11505371307005857 2
43 "O VI" 1031.912 2 13.712732017905703 -241.8031210504937 47.83711661463862 553 583 1.685749727862634e-26 78655.2016264106 0.19768686040698596 2
44 "O VI" 1031.912 2 13.7359079926096 -348.9364496029726 20.458801806977153 616 639 3.964800495608176e-27 46544.93330686472 0.272607304730953 2
45 "O VI" 1031.912 2 14.488498770941135 -279.4508160588425 6.170829000849578 643 660 7.986239513731927e-28 460788.99100594595 0.966615309582662 2
46 "O VI" 1031.912 2 12.943296461724266 8.422794096552105 25.728336284318843 791 821 9.821123250338177e-27 60768.92725480806 0.0407383671662708 2
47 "O VI" 1031.912 2 14.032415902416647 39.492423904236965 8.43800213105623 0 16 3.571390219810943e-28 51555.3604407148 0.021527817127000116 3
48 "O VI" 1031.912 2 13.75516892664949 267.5557215534045 24.01779219257463 126 185 8.111416401483257e-29 244413.45631942482 0.5486384982963175 3
49 "O VI" 1031.912 2 14.484698766890943 222.82775802222676 14.227593428558503 199 229 5.584280285698308e-28 89843.54664039315 0.46166495736148766 3
50 "O VI" 1031.912 2 14.689432726910692 233.93567907775116 56.90528196440071 245 336 5.273808291451109e-28 73342.98132030768 0.2827319115439002 3
51 "O VI" 1031.912 2 14.084426475016976 126.0002395202556 28.477830005897694 348 407 6.81598775488036e-27 22111.723417732464 0.1515878389196211 3
52 "O VI" 1031.912 2 12.95774527583399 182.5680518404226 8.184301361424238 484 511 8.086724734057848e-27 15742.874455563046 0.07075816261671447 3
53 "O VI" 1031.912 2 13.641585065904405 -9.464980730034656 13.181350933467936 537 594 3.295035306180998e-27 29567.131918361803 0.06056553936766076 3
54 "O VI" 1031.912 2 14.020610052861075 257.200077014849 16.498041593547295 613 677 8.094088978932205e-28 230872.92113984903 0.12873062921357986 3
55 "O VI" 1031.912 2 12.88717243593231 262.61913763897616 15.95709559517593 683 705 1.0886784212911061e-26 26048.37418602643 0.09173922229315405 3
56 "O VI" 1031.912 2 14.406371798242136 189.0418733953543 47.089868207362386 746 872 5.556504588700011e-28 178489.354627853 0.19857397377225292 3
57 "O VI" 1031.912 2 14.099747915406889 118.47137003690072 21.8827314478186 874 896 2.690066574023392e-28 327966.5469767564 0.42846195774656315 3
