 name wave redshift col_dens delta_v vel_dispersion interval_start interval_end density temperature metallicity lightray_index
0 "O VI" 1031.912 2 12.823288990056358 -154.505448838262 23.037897304508103 8 31 4.537444659122655e-28 656648.1337639579 0.04477299609898784 0
1 "O VI" 1031.912 2 12.801587634354352 -203.78093749377803 7.399203490456513 31 54 1.3638274861436695e-26 42882.27889474005 0.04453793894017446 0
2 "O VI" 1031.912 2 14.088778956161931 -115.14791413535328 10.34007010669999 112 118 6.498003199460344e-27 472768.35487121297 0.3333480338193328 0
3 "O VI" 1031.912 2 13.865751627364023 -77.91605660096607 3.388650283719028 118 126 2.4488013941792066e-26 106467.4967722834 0.2598295001718867 0
4 "O VI" 1031.912 2 14.775762797808968 -37.03920615061328 47.62717387173745 194 320 4.436505890285442e-27 244357.33100821424 0.2826604445380906 0
5 "O VI" 1031.912 2 14.005433600262133 -109.87673680778003 63.94078786314707 347 598 3.914320028130656e-27 17645.65790183895 0.06397791779972559 0
6 "O VI" 1031.912 2 13.49761037292527 -105.05290691353103 24.196019493333985 600 671 2.3336071749010556e-27 74240.85056966882 0.024776449176000873 0
7 "O VI" 1031.912 2 13.028560744064972 34.282398837983 18.564591426909985 675 680 3.5690496924172673e-28 365518.0610731202 0.13282825646547966 0
8 "O VI" 1031.912 2 13.118540578966956 -146.68804465802893 6.543276598944758 833 843 1.851787787840918e-27 71914.35563662322 0.03201794772492654 0
9 "O VI" 1031.912 2 13.068239463152663 -158.41823427143842 1.739329353991655 872 874 6.97021709948291e-28 203019.65821305086 0.0706147635273909 0
10 "O VI" 1031.912 2 14.024699801025825 -185.152579749959 25.505609102290144 884 1055 3.1499233520974006e-27 54995.94601176423 0.03892565719501707 0
11 "O VI" 1031.912 2 13.286307485869088 -208.52946975582057 5.2716861004927855 1055 1098 8.299012051731742e-27 15351.756879530116 0.08530473560743398 0
12 "O VI" 1031.912 2 14.391969862668107 -25.225174027144504 81.04542472206228 1119 1220 2.5068580502056098e-27 11261.8601868786 0.16941804598893198 0
13 "O VI" 1031.912 2 14.175077920559454 103.13605156788128 30.532940733242857 1232 1249 6.422384876285406e-27 169928.37142209362 0.15120444856863743 0
14 "O VI" 1031.912 2 13.450402488146608 163.83656606053285 30.742037735783594 1268 1306 1.043090091129814e-26 36681.0865637471 0.10783597754473945 0
15 "O VI" 1031.912 2 13.16733030319405 196.5798256594428 23.21416932233925 1330 1366 9.294208948905418e-27 24702.328007406504 0.06008342533346062 0
16 "O VI" 1031.912 2 13.121431497383574 184.265439441001 30.720164084161 1372 1382 5.1094717093866655e-27 62667.718897470695 0.07844255013227967 0
17 "O VI" 1031.912 2 13.020282482930199 63.26980839849203 61.592042947874006 1471 1479 1.7317863493269367e-27 309497.2729903012 0.3157073009858361 0
18 "O VI" 1031.912 2 13.112342557502917 -11.772626463094536 8.810359681961637 1670 1680 2.702262525120444e-28 543041.492105806 0.3671687440941942 0
19 "O VI" 1031.912 2 12.810296466307069 16.32886584553859 8.907015356524273 1680 1712 1.5799369328859572e-28 577266.1339987117 0.18261924566368595 0
20 "O VI" 1031.912 2 12.895966498349333 52.771066349086276 4.33093871178235 1767 1783 6.386822124803083e-29 259413.5255459758 0.12191341012510672 0
21 "O VI" 1031.912 2 13.546114676744399 100.74314987444107 2.829438067289244 1783 1791 5.954100837049486e-28 50931.42976915633 0.010899687694021174 0
22 "O VI" 1031.912 2 13.543024766251587 30.669159401750665 18.456725218783298 117 217 3.7996053689672446e-27 99836.42680017564 0.03450084294429223 1
23 "O VI" 1031.912 2 12.882425979852737 -9.985684505223274 17.44213961852868 235 272 1.1542648571231089e-26 29578.155311760238 0.019067012510127598 1
24 "O VI" 1031.912 2 13.733415803269374 -71.73845837298848 17.526783101895404 535 615 1.0913106279045549e-26 14267.246934514356 0.04795511184752451 1
25 "O VI" 1031.912 2 13.340972238456942 -86.63496518828188 6.347933889434457 617 654 9.361953654867004e-27 13045.097165353483 0.12238850219165019 1
26 "O VI" 1031.912 2 13.988901846751464 -163.0307458399664 24.87044701986539 717 846 5.953952024321374e-27 15520.394191973726 0.06045881045367876 1
27 "O VI" 1031.912 2 13.649613497701523 196.03805289894024 86.36824356069212 898 911 6.040244436067138e-27 19478.766964396626 0.4167979878017865 1
28 "O VI" 1031.912 2 14.476907321222901 183.3956881908926 53.086579883520194 982 1024 4.036167008550216e-27 137657.56355825256 0.3204309276634702 1
29 "O VI" 1031.912 2 13.795722465996022 106.8308386266544 21.98639938757146 1101 1142 6.079217205786886e-27 17270.64676533738 0.30799725982867876 1
30 "O VI" 1031.912 2 13.731955393023613 66.53467088965787 30.688186869268282 1144 1165 1.825464846351661e-27 68283.94027720598 0.4281786510237585 1
31 "O VI" 1031.912 2 14.009776832429132 -59.50802432925038 32.49567528706933 1191 1225 9.18964318427478e-28 303840.35294572735 0.39324097203720343 1
32 "O VI" 1031.912 2 13.626705168696489 39.866466417070065 14.742410006364532 1239 1255 1.980469711057358e-27 119634.25162977092 0.44585860132161265 1
33 "O VI" 1031.912 2 13.67926314278479 124.6551276878215 16.61756378704703 1412 1435 2.0194779496017382e-27 606279.0670235095 0.19747995547479166 1
34 "O VI" 1031.912 2 13.442392737190918 150.25463955173754 49.95939441243283 1462 1491 1.0894980039810501e-26 83882.93687128271 0.11002118497075465 1
35 "O VI" 1031.912 2 14.194415398253343 168.36333133574882 60.27570592569009 1547 1565 4.966320866850681e-27 151391.01760537623 0.2806994219707543 1
36 "O VI" 1031.912 2 13.316817395190913 74.46631826028953 19.983331164733563 1620 1634 4.21336984734563e-28 281580.70923008653 0.27186891997907336 1
37 "O VI" 1031.912 2 13.040981667744543 180.32301356077997 5.190940941972555 1793 1843 4.135123642549086e-28 211891.35711732108 0.004562616360397243 1
38 "O VI" 1031.912 2 13.058607007736077 125.1795484996686 17.166338928098952 1843 1860 1.1062458741617164e-27 256056.1260310186 0.003012217445894333 1
39 "O VI" 1031.912 2 13.293818849736468 -237.5460936600891 23.804847479281282 263 284 2.110953903105455e-26 14058.548299351232 0.08348356316017254 2
40 "O VI" 1031.912 2 13.221542882734317 -269.8414046301446 10.56785129286062 308 361 1.4295750588762712e-26 12861.32778109612 0.1042112612541948 2
41 "O VI" 1031.912 2 13.539417409726994 -232.98105054509833 33.07967448468799 433 456 6.099695508373512e-27 89720.7086452875 0.08432109186347835 2
42 "O VI" 1031.912 2 13.416780530287513 -111.66472516154762 21.45325888037359 459 493 1.1620487411398651e-26 47843.86077003889 0.11505371307005857 2
43 "O VI" 1031.912 2 13.69221768894746 -241.8031210504937 47.8371166146386 553 583 1.685749727862634e-26 78655.2016264106 0.19768686040698596 2
44 "O VI" 1031.912 2 13.71539366365136 -348.9364496029725 20.45880180697715 616 639 3.964800495608176e-27 46544.93330686472 0.272607304730953 2
45 "O VI" 1031.912 2 14.467984441982892 -279.4508160588424 6.170829000849577 643 660 7.986239513731927e-28 460788.99100594595 0.966615309582662 2
46 "O VI" 1031.912 2 12.922782132766024 8.422794096552105 25.728336284318843 791 821 9.821123250338177e-27 60768.92725480806 0.0407383671662708 2
47 "O VI" 1031.912 2 14.011901573458404 39.492423904236965 8.438002131056228 0 16 3.571390219810943e-28 51555.3604407148 0.021527817127000116 3
48 "O VI" 1031.912 2 13.73465459769125 267.55572155340457 24.01779219257463 126 185 8.111416401483257e-29 244413.45631942482 0.5486384982963175 3
49 "O VI" 1031.912 2 14.464184437932703 222.82775802222687 14.22759342855851 199 229 5.584280285698308e-28 89843.54664039315 0.46166495736148766 3
50 "O VI" 1031.912 2 14.66891839795245 233.93567907775116 56.9052819644007 245 336 5.273808291451109e-28 73342.98132030768 0.2827319115439002 3
51 "O VI" 1031.912 2 14.063912146058735 126.00023952025558 28.477830005897694 348 407 6.81598775488036e-27 22111.723417732464 0.1515878389196211 3
52 "O VI" 1031.912 2 12.937230946875749 182.56805184042264 8.184301361424238 484 511 8.086724734057848e-27 15742.874455563046 0.07075816261671447 3
53 "O VI" 1031.912 2 13.621070736946162 -9.46498073003466 13.18135093346794 537 594 3.295035306180998e-27 29567.131918361803 0.06056553936766076 3
54 "O VI" 1031.912 2 14.000095723902833 257.20007701484906 16.498041593547295 613 677 8.094088978932205e-28 230872.92113984903 0.12873062921357986 3
55 "O VI" 1031.912 2 12.86665810697407 262.6191376389761 15.95709559517593 683 705 1.0886784212911061e-26 26048.37418602643 0.09173922229315405 3
56 "O VI" 1031.912 2 14.385857469283895 189.04187339535426 47.089868207362386 746 872 5.556504588700011e-28 178489.354627853 0.19857397377225292 3
57 "O VI" 1031.912 2 14.079233586448646 118.47137003690067 21.882731447818596 874 896 2.690066574023392e-28 327966.5469767564 0.42846195774656315 3
