 name wave redshift col_dens delta_v vel_dispersion interval_start interval_end density temperature metallicity lightray_index
0 "C IV" 1548.187 2 14.10732527567234 -128.34517427380595 58.087965472212986 47 95 1.55638108640829e-25 10140.984317766395 0.1386460074367637 0
1 "C IV" 1548.187 2 13.294969104426325 -82.95137682504898  118 119 3.2992966096413396e-26 16765.383096186466 0.23381779762459276 0
2 "C IV" 1548.187 2 13.179028067908456 -72.22069855437414 5.356097668337224 121 123 2.653027039434265e-26 88839.55096464964 0.26543123414365055 0
3 "C IV" 1548.187 2 13.940725538493254 -69.26552017686318 4.190057313634264 124 127 2.7985420456567414e-26 72039.73542000669 0.24946928746772956 0
4 "C IV" 1548.187 2 14.353680878122319 -17.67691792372448 82.24733500069044 134 142 1.6780906510305567e-25 13485.813780526994 0.2808831569660533 0
5 "C IV" 1548.187 2 14.984776932877393 -57.70940595439691 50.318715976292275 211 422 2.635883580690148e-26 12021.880604749284 0.23867870645664077 0
6 "C IV" 1548.187 2 14.7292924186081 -175.1677533271751 23.029802810662 422 598 4.207285069675725e-27 18135.510466329222 0.06641310189696889 0
7 "C IV" 1548.187 2 13.371691691319342 -76.56685874479652 10.391933188543794 616 652 3.0285903655947058e-27 40892.86033306355 0.02290918352602679 0
8 "C IV" 1548.187 2 13.703937029227614 -114.24010498244034 34.095561752746654 727 774 1.5319446101722175e-26 18457.198797533812 0.016698611225037636 0
9 "C IV" 1548.187 2 15.038877783864955 -123.4154645467729 102.05988269932024 965 1235 3.6736551067093305e-26 14269.097002197552 0.11499934380918105 0
10 "C IV" 1548.187 2 14.224668092369921 140.9154528456513 43.99463640759325 1242 1277 2.2405990188105344e-26 26436.577799151008 0.09580622514998988 0
11 "C IV" 1548.187 2 14.171494953026835 187.42587284684208 19.26627415482804 1295 1338 7.24400430507967e-26 11240.69548733119 0.08551951610780219 0
12 "C IV" 1548.187 2 13.944285406394327 224.9776555622083 6.24975418129777 1351 1382 1.510868843412784e-26 23572.301215916756 0.04602819805906939 0
13 "C IV" 1548.187 2 13.90823435971092 233.31853229153774 14.749892759632791 1406 1442 2.562762504615799e-25 12540.046024881334 0.02503597380780421 0
14 "C IV" 1548.187 2 13.284550211786323 31.008269742337223 5.770334437499769 164 174 4.9394054863687346e-27 55333.40374571494 0.02763690585675142 1
15 "C IV" 1548.187 2 13.378922103445714 13.7325354965737 4.606908612563672 181 208 3.788594005550196e-27 27377.264240131262 0.02146775299179554 1
16 "C IV" 1548.187 2 13.75338220928883 -14.735102170098688 13.047174778137078 208 251 1.8102161857895275e-26 14534.717738088792 0.020865114202056934 1
17 "C IV" 1548.187 2 13.255870038142511 -45.816047063672116 7.942887349678169 345 358 1.1028217885659027e-26 27901.037254439354 0.021828305587912166 1
18 "C IV" 1548.187 2 13.632044978397863 -70.11554217174996 7.931909170921033 390 425 8.864327690470098e-27 18867.476230621454 0.01586351012003381 1
19 "C IV" 1548.187 2 15.177756960196767 -99.81896820777402 34.15694139652446 442 785 2.8267630461306384e-26 13579.859409221359 0.09779149241522528 1
20 "C IV" 1548.187 2 14.350972322011721 -215.23715650226214 21.38788788103221 795 873 9.543640139459357e-27 14503.569901953006 0.04317822007363444 1
21 "C IV" 1548.187 2 13.545588487297403 75.3835514282969 94.73443612613637 881 892 1.7765355365495088e-25 9239.032340053034 0.12135720273771304 1
22 "C IV" 1548.187 2 13.992393498670241 60.6152600171946 13.939770444254057 892 901 1.2636949968886526e-25 9628.213289653908 0.17680753780477762 1
23 "C IV" 1548.187 2 14.34176969809316 212.5825784118933 25.348655743203032 905 920 1.4831804625827559e-25 6578.171263130973 0.8916159050262025 1
24 "C IV" 1548.187 2 14.091507405741687 224.19020156967514 17.533348648292932 934 937 1.8374956563584403e-25 5940.237673517229 1.0095713054770827 1
25 "C IV" 1548.187 2 13.79267446447727 320.26510800603546 7.3416320361479 973 986 2.7311442480391977e-25 8740.601499749237 0.2082329302551378 1
26 "C IV" 1548.187 2 13.600271099770227 218.1572460464769 30.743670361033654 988 999 4.378034098806152e-27 179410.0844805244 0.4508076477601325 1
27 "C IV" 1548.187 2 13.635960525972902 178.43258775818396 14.61447101568051 1000 1011 2.516518553998428e-27 58918.96058189509 0.19745545196980366 1
28 "C IV" 1548.187 2 14.819107663249342 121.03675270032923 15.275020443010641 1102 1136 6.136277326761962e-27 14463.913153167838 0.30770373827126646 1
29 "C IV" 1548.187 2 13.90635188657695 71.6188384312945 11.97919070249186 1149 1162 1.937445971965293e-27 51427.703652265605 0.4247267809515107 1
30 "C IV" 1548.187 2 13.370132572611741 -44.25538292863242 9.986085560827657 1197 1206 1.4936786181634031e-27 105855.56396731496 0.34826340481074186 1
31 "C IV" 1548.187 2 13.786498603657018 43.22641277893514 6.639971477146312 1242 1252 2.1723249575266557e-27 76577.1959671034 0.4451760374076283 1
32 "C IV" 1548.187 2 13.708995992847806 193.55462734447852 12.820761351942483 1467 1475 1.219492885661818e-26 32617.70624284827 0.09926804105296098 1
33 "C IV" 1548.187 2 14.103654139726892 248.9005710443714 19.506129297555482 1550 1562 5.061133370734928e-27 45547.85177119897 0.2805559942273626 1
34 "C IV" 1548.187 2 14.275840091379253 -217.50410106360096 9.738887217200185 265 297 3.812197625688881e-26 11645.389087677873 0.0753260314921239 2
35 "C IV" 1548.187 2 14.936382281980308 -277.050177047256 14.87580812045636 301 414 6.030688739346463e-26 10703.932072163809 0.111112427849761 2
36 "C IV" 1548.187 2 13.638767698696922 -269.88484799047325 20.73386009827625 438 453 6.72425763726711e-27 39908.07388192188 0.07590309265745768 2
37 "C IV" 1548.187 2 14.084517262841917 -75.75920783157132 10.772638434911018 460 477 1.2997665349171344e-26 25394.34965869547 0.10729666269127454 2
38 "C IV" 1548.187 2 13.258876625529865 -105.88242122676859 7.51165997659784 486 491 5.127472510123643e-27 61730.51266820093 0.14965461805513353 2
39 "C IV" 1548.187 2 14.178781860165941 -136.84860458799332 30.528246948057006 542 558 1.0812942797184116e-25 10253.603358446595 0.2175069336195511 2
40 "C IV" 1548.187 2 14.186589755394138 -326.966981160843 6.430006589893636 617 629 4.397100043853189e-27 27942.35591995092 0.270329597218161 2
41 "C IV" 1548.187 2 13.8366213856998 38.82865450461692 7.182137642863202 774 803 1.852017012643684e-26 17350.12189811613 0.023892802475224274 2
42 "C IV" 1548.187 2 13.716983771458038 217.02577211909477 6.759667384090343 206 222 6.548841681122621e-28 68147.14914963042 0.4542008225386235 3
43 "C IV" 1548.187 2 13.963985331108235 190.87869961586804 18.898222488749465 268 305 7.425908323545935e-28 12115.378211274943 0.2039813320323356 3
44 "C IV" 1548.187 2 14.061628943374034 127.14644933250077 31.879981610780778 339 365 2.0124931253847814e-26 20255.758388715145 0.1376675189508531 3
45 "C IV" 1548.187 2 14.908855318526324 124.46407293969813 52.45116692806484 391 605 9.296589588892291e-26 11355.329218845995 0.07085545193776001 3
46 "C IV" 1548.187 2 13.906153032548401 262.01506175841143 5.829065652209809 685 701 1.1091244736835534e-26 22610.74295565183 0.09235486644892085 3
47 "C IV" 1548.187 2 13.182062285042036 394.6835401297823 7.91345313532497 722 737 9.757938577886252e-27 24955.130179888227 0.01500023815173474 3
48 "C IV" 1548.187 2 13.021868005229711 369.46099567563243 17.305065757003508 737 757 9.047651127426189e-27 29854.707135760484 0.016727362120453945 3
