 name wave redshift col_dens delta_v vel_dispersion interval_start interval_end density temperature metallicity lightray_index
0 "C IV" 1548.187 2 13.841549904678791 -128.34517427380595 58.087965472212986 47 95 1.55638108640829e-25 10140.984317766395 0.1386460074367637 0
1 "C IV" 1548.187 2 13.029193733432777 -82.95137682504898  118 119 3.2992966096413396e-26 16765.383096186466 0.23381779762459276 0
2 "C IV" 1548.187 2 13.674950167499704 -69.26552017686318 4.190057313634264 124 127 2.7985420456567414e-26 72039.73542000669 0.24946928746772956 0
3 "C IV" 1548.187 2 14.087905507128768 -17.67691792372448 82.2473350006903 134 142 1.6780906510305567e-25 13485.813780526994 0.2808831569660533 0
4 "C IV" 1548.187 2 14.714033766539616 -58.000094137186736 50.527822879714186 211 367 2.746031377387636e-26 12049.669672707603 0.24804025368776708 0
5 "C IV" 1548.187 2 14.38170131168562 -181.58789294887313 18.14081286459748 438 504 4.96945016391302e-27 17480.31037610544 0.12137271721093172 0
6 "C IV" 1548.187 2 13.688542312628321 -146.0548281452636 13.474804604465723 504 598 3.6570740603785134e-27 18588.89282797523 0.019254001148416595 0
7 "C IV" 1548.187 2 13.438161658234064 -114.24010498244034 34.095561752746654 727 774 1.5319446101722175e-26 18457.198797533812 0.016698611225037636 0
8 "C IV" 1548.187 2 14.772856942258034 -123.36939990641244 102.07059901501373 967 1235 3.680110949754187e-26 14101.0103120725 0.1150986164079602 0
9 "C IV" 1548.187 2 13.957518873020529 140.95850493074107 44.05494876144273 1244 1277 2.281297752278283e-26 21556.89242128625 0.09496382789687774 0
10 "C IV" 1548.187 2 13.904989006214704 187.41528057210215 19.28239207499142 1295 1336 7.250599079628654e-26 11137.159757395753 0.08550372526217466 0
11 "C IV" 1548.187 2 13.641440496258301 226.2582409882398 4.037957038922819 1351 1379 1.5652531114077793e-26 16023.336440752246 0.041619537728766115 0
12 "C IV" 1548.187 2 13.642198784714417 233.3049985785115 14.743855710373648 1408 1442 4.573129617951669e-26 17351.324398337496 0.03390840544209793 0
13 "C IV" 1548.187 2 13.018774840792773 31.008269742337227 5.770334437499767 164 174 4.9394054863687346e-27 55333.40374571494 0.02763690585675142 1
14 "C IV" 1548.187 2 13.113146732452163 13.732535496573695 4.606908612563672 181 208 3.788594005550196e-27 27377.264240131262 0.02146775299179554 1
15 "C IV" 1548.187 2 13.48760683829528 -14.73510217009869 13.047174778137078 208 251 1.8102161857895275e-26 14534.717738088792 0.020865114202056934 1
16 "C IV" 1548.187 2 13.366269607404314 -70.11554217174992 7.931909170921032 390 425 8.864327690470098e-27 18867.476230621454 0.01586351012003381 1
17 "C IV" 1548.187 2 14.911981589203219 -99.818968207774 34.15694139652446 442 785 2.8267630461306384e-26 13579.859409221359 0.09779149241522528 1
18 "C IV" 1548.187 2 14.08519695101817 -215.23715650226217 21.387887881032213 795 873 9.543640139459357e-27 14503.569901953006 0.04317822007363444 1
19 "C IV" 1548.187 2 13.279813116303853 75.3835514282969 94.73443612613636 881 892 1.7765355365495088e-25 9239.032340053034 0.12135720273771304 1
20 "C IV" 1548.187 2 13.72661812767669 60.61526001719461 13.939770444254059 892 901 1.2636949968886526e-25 9628.213289653908 0.17680753780477762 1
21 "C IV" 1548.187 2 14.075994327099611 212.58257841189317 25.34865574320303 905 920 1.4831804625827559e-25 6578.171263130973 0.8916159050262025 1
22 "C IV" 1548.187 2 13.825732034748139 224.1902015696751 17.533348648292918 934 937 1.8374956563584403e-25 5940.237673517229 1.0095713054770827 1
23 "C IV" 1548.187 2 13.52689909348372 320.2651080060355 7.3416320361479 973 986 2.7311442480391977e-25 8740.601499749237 0.2082329302551378 1
24 "C IV" 1548.187 2 13.334495728776677 218.15724604647693 30.743670361033654 988 999 4.378034098806152e-27 179410.0844805244 0.4508076477601325 1
25 "C IV" 1548.187 2 13.370185154979353 178.43258775818396 14.614471015680508 1000 1011 2.516518553998428e-27 58918.96058189509 0.19745545196980366 1
26 "C IV" 1548.187 2 14.553332292255792 121.03675270032927 15.275020443010641 1102 1136 6.136277326761962e-27 14463.913153167838 0.30770373827126646 1
27 "C IV" 1548.187 2 13.640576515583401 71.61883843129446 11.979190702491856 1149 1162 1.937445971965293e-27 51427.703652265605 0.4247267809515107 1
28 "C IV" 1548.187 2 13.104357201618193 -44.25538292863243 9.986085560827657 1197 1206 1.4936786181634031e-27 105855.56396731496 0.34826340481074186 1
29 "C IV" 1548.187 2 13.520723232663467 43.226412778935135 6.639971477146312 1242 1252 2.1723249575266557e-27 76577.1959671034 0.4451760374076283 1
30 "C IV" 1548.187 2 13.443220621854255 193.55462734447852 12.820761351942483 1467 1475 1.219492885661818e-26 32617.70624284827 0.09926804105296098 1
31 "C IV" 1548.187 2 13.837878768733342 248.90057104437133 19.50612929755548 1550 1562 5.061133370734928e-27 45547.85177119897 0.2805559942273626 1
32 "C IV" 1548.187 2 14.004647010200289 -217.09561835216508 8.91537635939504 267 296 2.821852477201081e-26 11711.714533949087 0.07644310193355061 2
33 "C IV" 1548.187 2 14.660950937354176 -277.6134563534025 13.840813030781229 301 407 5.614131507285473e-26 10794.867702664458 0.11465964349727553 2
34 "C IV" 1548.187 2 13.353004911991945 -270.0822208936271 21.15729598273687 441 453 7.099990380435248e-27 35679.94313942648 0.07427128277542713 2
35 "C IV" 1548.187 2 13.809484223473069 -75.26168835000959 10.296817983536776 460 476 1.3178747866130427e-26 24658.454081295426 0.10698155507396963 2
36 "C IV" 1548.187 2 13.890913862830713 -133.993435115639 28.283722846463785 542 556 1.0872663522280318e-25 9813.256994379815 0.21765235459536916 2
37 "C IV" 1548.187 2 13.91505302191208 -326.4822042919578 4.583143217218893 618 629 4.522913956786139e-27 26365.525863931383 0.26906778121489217 2
38 "C IV" 1548.187 2 13.040044547772988 43.04411359919857 3.138400439529662 775 787 1.518716847408463e-26 18702.52218183931 0.02074771773059863 2
39 "C IV" 1548.187 2 13.384903428253137 37.36746064359937 7.670115936067896 789 803 1.7364613438681218e-26 16360.96805832955 0.02950785257474109 2
40 "C IV" 1548.187 2 13.451208400464488 217.02577211909477 6.759667384090343 206 222 6.548841681122621e-28 68147.14914963042 0.4542008225386235 3
41 "C IV" 1548.187 2 13.698209960114687 190.87869961586804 18.898222488749468 268 305 7.425908323545935e-28 12115.378211274943 0.2039813320323356 3
42 "C IV" 1548.187 2 13.795853572380484 127.1464493325008 31.879981610780774 339 365 2.0124931253847814e-26 20255.758388715145 0.1376675189508531 3
43 "C IV" 1548.187 2 14.643079947532776 124.46407293969814 52.45116692806485 391 605 9.296589588892291e-26 11355.329218845995 0.07085545193776001 3
44 "C IV" 1548.187 2 13.640377661554853 262.01506175841143 5.829065652209809 685 701 1.1091244736835534e-26 22610.74295565183 0.09235486644892085 3
