 name wave redshift col_dens delta_v vel_dispersion interval_start interval_end density temperature metallicity lightray_index
0 "C II" 903.962 2 16.302770986307536 -77.08842889485487 31.042001470823603 49 95 1.558730921013215e-25 10051.641539443286 0.13879205765512861 0
1 "C II" 903.962 2 14.059328550579808 -82.95137682504898  118 119 3.2992966096413396e-26 16765.383096186466 0.23381779762459276 0
2 "C II" 903.962 2 13.921416063679432 -70.55724976203268  122 123 3.5865350565931976e-26 16780.87717665171 0.2412587080589555 0
3 "C II" 903.962 2 14.121257344941945 -72.42940027411838 3.509502601775768 125 127 3.195433578742609e-26 47247.26432228391 0.24132710956232056 0
4 "C II" 903.962 2 16.051414388333214 -126.46779806833126 36.72310671093257 134 142 1.6780906510305567e-25 13485.813780526994 0.2808831569660533 0
5 "C II" 903.962 2 15.38326770058579 -82.08550719624988 21.096152289149558 298 348 3.0578165353686637e-26 12255.584200067924 0.25749852428270803 0
6 "C II" 903.962 2 13.728321414561526 -188.25463142591065 9.674789482639758 454 502 5.447683046792817e-27 15570.915588190308 0.13013578450118649 0
7 "C II" 903.962 2 13.704388857512713 -129.80399340558654 6.6602610278338545 737 773 1.5902220079337722e-26 17073.69427024959 0.016083866842396204 0
8 "C II" 903.962 2 15.015783455050583 -179.86846454784074 42.619383274927465 1055 1119 4.3060638523258434e-26 12495.985319032043 0.08278700344213179 0
9 "C II" 903.962 2 15.319855291647945 -50.83754538495333 46.974992002322466 1207 1235 4.7961137135323864e-26 12463.20381786535 0.1855345021901087 0
10 "C II" 903.962 2 13.063497157135204 110.28006965294095  1246 1247 9.593578641627555e-27 54547.52222947344 0.11058502030754411 0
11 "C II" 903.962 2 14.534102815954592 151.98052903457017 34.89376284237455 1248 1274 2.3812591149146862e-26 17727.53708636149 0.09338552422435 0
12 "C II" 903.962 2 13.421476925743933 173.76073252932377 4.819539403239155 1298 1302 1.3636207109523864e-26 29498.88503134262 0.09234823446967616 0
13 "C II" 903.962 2 15.503795598863068 197.65874009704112 9.462599478843332 1305 1336 7.46225484580696e-26 10111.901887231887 0.0848528890597585 0
14 "C II" 903.962 2 13.732125479617991 224.23991255917733 3.9221677124817576 1354 1379 1.5841924969274022e-26 15757.660317836906 0.04125322901391146 0
15 "C II" 903.962 2 15.82190609898669 249.12593997774422 11.082642508517154 1388 1434 4.0366286532311245e-25 9716.881268659743 0.024803126120510305 0
16 "C II" 903.962 2 13.23040878359589 224.25950264520066 8.070873230419272 1435 1442 1.0741143181418642e-26 35135.075256095806 0.048669582454475065 0
17 "C II" 903.962 2 13.953792046303453 -14.56173001745579 7.601632042908044 222 249 2.0001752702693756e-26 14487.472911484196 0.022369223898951414 1
18 "C II" 903.962 2 13.103620834679951 -45.671373975840595 7.583295859806447 346 358 1.1401919278863237e-26 24064.48234332309 0.02159892632172183 1
19 "C II" 903.962 2 13.17959252842443 -69.84552353593229 7.582970782868339 390 423 9.070407128547801e-27 17599.915774268993 0.01566062928803466 1
20 "C II" 903.962 2 13.151895592826943 -112.1898812571809 10.99878139722347 494 539 7.033994792640958e-27 21445.978686073333 0.01622875312884756 1
21 "C II" 903.962 2 15.657946454527236 -69.07387273386028 29.082992021470794 598 729 3.8475364911524534e-26 11374.24864208713 0.12888523008048647 1
22 "C II" 903.962 2 13.097790841393106 -147.7006053919663 5.240365559409778 740 756 6.001904344871085e-27 17199.928970232337 0.07184507778622454 1
23 "C II" 903.962 2 13.491549361814647 -204.09646646529598 22.710816068503444 823 855 8.41100435337316e-27 15581.361821971745 0.04011880567209119 1
24 "C II" 903.962 2 16.31427088416575 17.055746221896587 152.30641814909086 855 901 2.374264400153851e-25 9462.315745465836 0.11374788045259768 1
25 "C II" 903.962 2 19.16774232888303 289.74830464658464 36.85548949166205 907 983 2.8371419568019715e-23 309.49878645892113 0.7379849030343159 1
26 "C II" 903.962 2 14.068115569732257 126.28704775450095 12.89324663991149 1104 1134 6.318516299559023e-27 11197.99463431146 0.30947724160395723 1
27 "C II" 903.962 2 13.066229202453925 42.27661846046239 4.801265092982513 1243 1249 2.498356855148661e-27 57281.25219538673 0.44523674309009437 1
28 "C II" 903.962 2 13.61511428131003 195.53671220364023 10.063471587418277 1467 1475 1.219492885661818e-26 32617.70624284827 0.09926804105296098 1
29 "C II" 903.962 2 13.431095049511724 257.92174542013447 13.118182905482707 1553 1562 5.1349098233378604e-27 27294.200609207244 0.2856463249734544 1
30 "C II" 903.962 2 15.71254841215998 -241.99958697356874 10.272731416765867 273 311 9.162507345096699e-26 10169.883794764555 0.0825157994129209 2
31 "C II" 903.962 2 14.251776584089408 -267.75218404935083 7.622891742397162 320 339 1.864964902920654e-26 12551.894124478014 0.08898698973408138 2
32 "C II" 903.962 2 15.859503993508879 -284.96730645118794 10.030192690945734 339 413 6.027768282127288e-26 10641.16416590528 0.11724908544656373 2
33 "C II" 903.962 2 13.285278461513283 -248.9020034895768 14.109809695874405 448 453 8.375965280940457e-27 35568.95845170993 0.07126236740752173 2
34 "C II" 903.962 2 14.001834221453155 -69.46907220750455 10.356285471879971 460 475 1.337890723570808e-26 23733.34472459584 0.10662174203999697 2
35 "C II" 903.962 2 13.06543467016656 -102.16264239569361 6.053959451162492 486 489 5.994538922130535e-27 45040.50785903736 0.14462093010104 2
36 "C II" 903.962 2 15.953293708300807 -105.24331901663707 8.644047196026275 542 554 1.1048510841445039e-25 9420.16748035256 0.21811176409740599 2
37 "C II" 903.962 2 13.211290519043118 -178.0450144587612  555 556 1.190928558011355e-26 19550.113180139215 0.18937758420332115 2
38 "C II" 903.962 2 13.256399068899043 -325.4942151840682 3.625773861128832 618 626 4.938843940493646e-27 20780.832691575164 0.2700085006643213 2
39 "C II" 903.962 2 13.757720867490141 42.2393306542849 2.8540030559657144 775 799 1.9291750307207978e-26 15826.638750749447 0.021349886490011266 2
40 "C II" 903.962 2 14.153292030938537 98.58703745173656 14.256173845507112 341 349 2.32055530386177e-26 16699.114996531425 0.127461630549372 3
41 "C II" 903.962 2 15.959737737496873 103.77723713495874 25.44881362181722 403 487 1.0668019827385603e-25 10385.500829542769 0.07031659807787008 3
42 "C II" 903.962 2 13.596911853742066 181.95527482797456 8.167796078814561 487 521 8.28324342913726e-27 15902.47093792146 0.06129198039855316 3
43 "C II" 903.962 2 14.54238613985327 151.12319990840913 17.02520512466144 521 537 2.817755134252989e-26 12121.436066373779 0.08866378764559497 3
44 "C II" 903.962 2 13.072799806788385 93.08769951748845 36.009556143365764 592 602 8.107215903379478e-27 18712.436169631066 0.05193171022268776 3
45 "C II" 903.962 2 13.711232803708858 262.2528265098229 3.579896455323022 687 700 1.1487393829760026e-26 20896.83180406244 0.09275001765203868 3
