 name wave redshift col_dens delta_v vel_dispersion interval_start interval_end density temperature metallicity lightray_index
0 "C IV" 1548.187 2 14.03630346433939 -128.34517427380595 58.08796547221299 47 95 1.55638108640829e-25 10140.984317766395 0.1386460074367637 0
1 "C IV" 1548.187 2 13.223947293093376 -82.95137682504898  118 119 3.2992966096413396e-26 16765.383096186466 0.23381779762459276 0
2 "C IV" 1548.187 2 13.108006256575507 -72.22069855437414 5.356097668337224 121 123 2.653027039434265e-26 88839.55096464964 0.26543123414365055 0
3 "C IV" 1548.187 2 13.869703727160305 -69.26552017686318 4.190057313634265 124 127 2.7985420456567414e-26 72039.73542000669 0.24946928746772956 0
4 "C IV" 1548.187 2 14.28265906678937 -17.67691792372448 82.24733500069034 134 142 1.6780906510305567e-25 13485.813780526994 0.2808831569660533 0
5 "C IV" 1548.187 2 14.908787326200216 -58.00009413718675 50.52782287971419 211 367 2.746031377387636e-26 12049.669672707603 0.24804025368776708 0
6 "C IV" 1548.187 2 14.576454871346218 -181.58789294887313 18.140812864597475 438 504 4.96945016391302e-27 17480.31037610544 0.12137271721093172 0
7 "C IV" 1548.187 2 13.88329587228892 -146.05482814526354 13.474804604465717 504 598 3.6570740603785134e-27 18588.89282797523 0.019254001148416595 0
8 "C IV" 1548.187 2 13.1887309965388 -73.54708396516081 6.522647084815387 616 638 3.7122976739798394e-27 37794.35303172246 0.022776834038084746 0
9 "C IV" 1548.187 2 13.632915217894665 -114.24010498244033 34.09556175274665 727 774 1.5319446101722175e-26 18457.198797533812 0.016698611225037636 0
10 "C IV" 1548.187 2 14.967610501918633 -123.36939990641241 102.07059901501374 967 1235 3.680110949754187e-26 14101.0103120725 0.1150986164079602 0
11 "C IV" 1548.187 2 14.152272432681128 140.95850493074107 44.054948761442716 1244 1277 2.281297752278283e-26 21556.89242128625 0.09496382789687774 0
12 "C IV" 1548.187 2 14.099742565875303 187.41528057210212 19.28239207499142 1295 1336 7.250599079628654e-26 11137.159757395753 0.08550372526217466 0
13 "C IV" 1548.187 2 13.8361940559189 226.25824098823986 4.037957038922819 1351 1379 1.5652531114077793e-26 16023.336440752246 0.041619537728766115 0
14 "C IV" 1548.187 2 13.836952344375016 233.30499857851152 14.74385571037365 1408 1442 4.573129617951669e-26 17351.324398337496 0.03390840544209793 0
15 "C IV" 1548.187 2 13.213528400453374 31.008269742337227 5.770334437499767 164 174 4.9394054863687346e-27 55333.40374571494 0.02763690585675142 1
16 "C IV" 1548.187 2 13.307900292112764 13.732535496573696 4.606908612563671 181 208 3.788594005550196e-27 27377.264240131262 0.02146775299179554 1
17 "C IV" 1548.187 2 13.68236039795588 -14.735102170098692 13.047174778137078 208 251 1.8102161857895275e-26 14534.717738088792 0.020865114202056934 1
18 "C IV" 1548.187 2 13.184848226809562 -45.816047063672116 7.94288734967817 345 358 1.1028217885659027e-26 27901.037254439354 0.021828305587912166 1
19 "C IV" 1548.187 2 13.561023167064914 -70.11554217174994 7.931909170921033 390 425 8.864327690470098e-27 18867.476230621454 0.01586351012003381 1
20 "C IV" 1548.187 2 15.106735148863818 -99.818968207774 34.15694139652446 442 785 2.8267630461306384e-26 13579.859409221359 0.09779149241522528 1
21 "C IV" 1548.187 2 14.279950510678772 -215.2371565022622 21.387887881032213 795 873 9.543640139459357e-27 14503.569901953006 0.04317822007363444 1
22 "C IV" 1548.187 2 13.474566675964454 75.3835514282969 94.73443612613637 881 892 1.7765355365495088e-25 9239.032340053034 0.12135720273771304 1
23 "C IV" 1548.187 2 13.921371687337292 60.615260017194615 13.939770444254057 892 901 1.2636949968886526e-25 9628.213289653908 0.17680753780477762 1
24 "C IV" 1548.187 2 14.27074788676021 212.58257841189317 25.34865574320303 905 920 1.4831804625827559e-25 6578.171263130973 0.8916159050262025 1
25 "C IV" 1548.187 2 14.020485594408738 224.19020156967514 17.53334864829295 934 937 1.8374956563584403e-25 5940.237673517229 1.0095713054770827 1
26 "C IV" 1548.187 2 13.721652653144321 320.26510800603546 7.3416320361479 973 986 2.7311442480391977e-25 8740.601499749237 0.2082329302551378 1
27 "C IV" 1548.187 2 13.529249288437278 218.15724604647684 30.743670361033654 988 999 4.378034098806152e-27 179410.0844805244 0.4508076477601325 1
28 "C IV" 1548.187 2 13.564938714639952 178.43258775818396 14.614471015680506 1000 1011 2.516518553998428e-27 58918.96058189509 0.19745545196980366 1
29 "C IV" 1548.187 2 14.748085851916393 121.03675270032923 15.275020443010641 1102 1136 6.136277326761962e-27 14463.913153167838 0.30770373827126646 1
30 "C IV" 1548.187 2 13.835330075244 71.61883843129449 11.97919070249186 1149 1162 1.937445971965293e-27 51427.703652265605 0.4247267809515107 1
31 "C IV" 1548.187 2 13.299110761278792 -44.255382928632436 9.986085560827656 1197 1206 1.4936786181634031e-27 105855.56396731496 0.34826340481074186 1
32 "C IV" 1548.187 2 13.715476792324068 43.22641277893514 6.639971477146313 1242 1252 2.1723249575266557e-27 76577.1959671034 0.4451760374076283 1
33 "C IV" 1548.187 2 13.637974181514856 193.5546273444785 12.820761351942483 1467 1475 1.219492885661818e-26 32617.70624284827 0.09926804105296098 1
34 "C IV" 1548.187 2 14.032632328393941 248.90057104437142 19.506129297555482 1550 1562 5.061133370734928e-27 45547.85177119897 0.2805559942273626 1
35 "C IV" 1548.187 2 14.204818280046304 -217.50410106360087 9.738887217200185 265 297 3.812197625688881e-26 11645.389087677873 0.0753260314921239 2
36 "C IV" 1548.187 2 14.865360470647358 -277.05017704725594 14.87580812045636 301 414 6.030688739346463e-26 10703.932072163809 0.111112427849761 2
37 "C IV" 1548.187 2 13.567745887363975 -269.88484799047325 20.733860098276246 438 453 6.72425763726711e-27 39908.07388192188 0.07590309265745768 2
38 "C IV" 1548.187 2 14.013495451508968 -75.75920783157129 10.772638434911018 460 477 1.2997665349171344e-26 25394.34965869547 0.10729666269127454 2
39 "C IV" 1548.187 2 13.187854814196916 -105.88242122676859 7.51165997659784 486 491 5.127472510123643e-27 61730.51266820093 0.14965461805513353 2
40 "C IV" 1548.187 2 14.107760048832992 -136.8486045879934 30.528246948057006 542 558 1.0812942797184116e-25 10253.603358446595 0.2175069336195511 2
41 "C IV" 1548.187 2 14.115567944061187 -326.9669811608432 6.430006589893636 617 629 4.397100043853189e-27 27942.35591995092 0.270329597218161 2
42 "C IV" 1548.187 2 13.76559957436685 38.828654504616914 7.182137642863202 774 803 1.852017012643684e-26 17350.12189811613 0.023892802475224274 2
43 "C IV" 1548.187 2 13.645961960125089 217.0257721190948 6.759667384090344 206 222 6.548841681122621e-28 68147.14914963042 0.4542008225386235 3
44 "C IV" 1548.187 2 13.892963519775286 190.87869961586807 18.898222488749465 268 305 7.425908323545935e-28 12115.378211274943 0.2039813320323356 3
45 "C IV" 1548.187 2 13.990607132041085 127.14644933250081 31.879981610780774 339 365 2.0124931253847814e-26 20255.758388715145 0.1376675189508531 3
46 "C IV" 1548.187 2 14.837833507193375 124.46407293969816 52.45116692806484 391 605 9.296589588892291e-26 11355.329218845995 0.07085545193776001 3
47 "C IV" 1548.187 2 13.835131221215452 262.01506175841143 5.82906565220981 685 701 1.1091244736835534e-26 22610.74295565183 0.09235486644892085 3
48 "C IV" 1548.187 2 13.111040473709087 394.6835401297824 7.913453135324973 722 737 9.757938577886252e-27 24955.130179888227 0.01500023815173474 3
