 name wave redshift col_dens delta_v vel_dispersion interval_start interval_end density temperature metallicity lightray_index
0 "C II" 903.962 2 16.217464931855034 -77.08842889485487 31.042001470823607 49 95 1.558730921013215e-25 10051.641539443286 0.13879205765512861 0
1 "C II" 903.962 2 13.974022496127304 -82.95137682504898  118 119 3.2992966096413396e-26 16765.383096186466 0.23381779762459276 0
2 "C II" 903.962 2 13.836110009226928 -70.55724976203268  122 123 3.5865350565931976e-26 16780.87717665171 0.2412587080589555 0
3 "C II" 903.962 2 14.035951290489441 -72.42940027411838 3.5095026017757665 125 127 3.195433578742609e-26 47247.26432228391 0.24132710956232056 0
4 "C II" 903.962 2 15.96610833388071 -126.4677980683313 36.723106710932576 134 142 1.6780906510305567e-25 13485.813780526994 0.2808831569660533 0
5 "C II" 903.962 2 15.297961646133286 -82.08550719624985 21.096152289149558 298 348 3.0578165353686637e-26 12255.584200067924 0.25749852428270803 0
6 "C II" 903.962 2 13.643015360109022 -188.25463142591065 9.67478948263976 454 502 5.447683046792817e-27 15570.915588190308 0.13013578450118649 0
7 "C II" 903.962 2 13.61908280306021 -129.80399340558654 6.6602610278338545 737 773 1.5902220079337722e-26 17073.69427024959 0.016083866842396204 0
8 "C II" 903.962 2 14.930477400598079 -179.86846454784074 42.61938327492747 1055 1119 4.3060638523258434e-26 12495.985319032043 0.08278700344213179 0
9 "C II" 903.962 2 15.234549237195443 -50.837545384953316 46.974992002322445 1207 1235 4.7961137135323864e-26 12463.20381786535 0.1855345021901087 0
10 "C II" 903.962 2 14.448796761502088 151.98052903457017 34.89376284237454 1248 1274 2.3812591149146862e-26 17727.53708636149 0.09338552422435 0
11 "C II" 903.962 2 13.33617087129143 173.76073252932377 4.819539403239155 1298 1302 1.3636207109523864e-26 29498.88503134262 0.09234823446967616 0
12 "C II" 903.962 2 15.418489544410566 197.65874009704117 9.462599478843334 1305 1336 7.46225484580696e-26 10111.901887231887 0.0848528890597585 0
13 "C II" 903.962 2 13.646819425165488 224.2399125591773 3.9221677124817576 1354 1379 1.5841924969274022e-26 15757.660317836906 0.04125322901391146 0
14 "C II" 903.962 2 15.736600044534185 249.1259399777442 11.082642508517152 1388 1434 4.0366286532311245e-25 9716.881268659743 0.024803126120510305 0
15 "C II" 903.962 2 13.145102729143385 224.2595026452006 8.070873230419272 1435 1442 1.0741143181418642e-26 35135.075256095806 0.048669582454475065 0
16 "C II" 903.962 2 13.86848599185095 -14.561730017455787 7.601632042908042 222 249 2.0001752702693756e-26 14487.472911484196 0.022369223898951414 1
17 "C II" 903.962 2 13.018314780227447 -45.67137397584059 7.583295859806447 346 358 1.1401919278863237e-26 24064.48234332309 0.02159892632172183 1
18 "C II" 903.962 2 13.094286473971929 -69.84552353593227 7.582970782868338 390 423 9.070407128547801e-27 17599.915774268993 0.01566062928803466 1
19 "C II" 903.962 2 13.066589538374439 -112.18988125718089 10.998781397223471 494 539 7.033994792640958e-27 21445.978686073333 0.01622875312884756 1
20 "C II" 903.962 2 15.572640400074732 -69.07387273386028 29.08299202147079 598 729 3.8475364911524534e-26 11374.24864208713 0.12888523008048647 1
21 "C II" 903.962 2 13.012484786940602 -147.70060539196626 5.240365559409777 740 756 6.001904344871085e-27 17199.928970232337 0.07184507778622454 1
22 "C II" 903.962 2 13.406243307362143 -204.09646646529595 22.710816068503444 823 855 8.41100435337316e-27 15581.361821971745 0.04011880567209119 1
23 "C II" 903.962 2 16.228964829713245 17.05574622189658 152.30641814909083 855 901 2.374264400153851e-25 9462.315745465836 0.11374788045259768 1
24 "C II" 903.962 2 19.082436274430528 289.7483046465847 36.85548949166205 907 983 2.8371419568019715e-23 309.49878645892113 0.7379849030343159 1
25 "C II" 903.962 2 13.982809515279754 126.28704775450086 12.893246639911489 1104 1134 6.318516299559023e-27 11197.99463431146 0.30947724160395723 1
26 "C II" 903.962 2 13.529808226857526 195.5367122036403 10.06347158741828 1467 1475 1.219492885661818e-26 32617.70624284827 0.09926804105296098 1
27 "C II" 903.962 2 13.34578899505922 257.9217454201344 13.118182905482707 1553 1562 5.1349098233378604e-27 27294.200609207244 0.2856463249734544 1
28 "C II" 903.962 2 15.627242357707477 -241.9995869735688 10.272731416765868 273 311 9.162507345096699e-26 10169.883794764555 0.0825157994129209 2
29 "C II" 903.962 2 14.166470529636904 -267.75218404935083 7.62289174239716 320 339 1.864964902920654e-26 12551.894124478014 0.08898698973408138 2
30 "C II" 903.962 2 15.774197939056375 -284.96730645118805 10.030192690945738 339 413 6.027768282127288e-26 10641.16416590528 0.11724908544656373 2
31 "C II" 903.962 2 13.199972407060779 -248.9020034895768 14.109809695874407 448 453 8.375965280940457e-27 35568.95845170993 0.07126236740752173 2
32 "C II" 903.962 2 13.916528167000651 -69.46907220750452 10.356285471879968 460 475 1.337890723570808e-26 23733.34472459584 0.10662174203999697 2
33 "C II" 903.962 2 15.867987653848305 -105.24331901663707 8.644047196026275 542 554 1.1048510841445039e-25 9420.16748035256 0.21811176409740599 2
34 "C II" 903.962 2 13.125984464590614 -178.0450144587612  555 556 1.190928558011355e-26 19550.113180139215 0.18937758420332115 2
35 "C II" 903.962 2 13.17109301444654 -325.4942151840682 3.6257738611288324 618 626 4.938843940493646e-27 20780.832691575164 0.2700085006643213 2
36 "C II" 903.962 2 13.672414813037637 42.23933065428489 2.854003055965715 775 799 1.9291750307207978e-26 15826.638750749447 0.021349886490011266 2
37 "C II" 903.962 2 14.067985976486034 98.58703745173653 14.256173845507108 341 349 2.32055530386177e-26 16699.114996531425 0.127461630549372 3
38 "C II" 903.962 2 15.874431683044369 103.77723713495877 25.44881362181722 403 487 1.0668019827385603e-25 10385.500829542769 0.07031659807787008 3
39 "C II" 903.962 2 13.511605799289562 181.9552748279746 8.167796078814563 487 521 8.28324342913726e-27 15902.47093792146 0.06129198039855316 3
40 "C II" 903.962 2 14.457080085400767 151.1231999084091 17.025205124661444 521 537 2.817755134252989e-26 12121.436066373779 0.08866378764559497 3
41 "C II" 903.962 2 13.625926749256356 262.25282650982285 3.5798964553230217 687 700 1.1487393829760026e-26 20896.83180406244 0.09275001765203868 3
