 name wave redshift col_dens delta_v vel_dispersion interval_start interval_end density temperature metallicity lightray_index
0 "C II" 903.962 2 16.512045857047763 -77.08842889485489 31.0420014708236 49 95 1.558730921013215e-25 10051.641539443286 0.13879205765512861 0
1 "C II" 903.962 2 14.268603421320034 -82.95137682504898  118 119 3.2992966096413396e-26 16765.383096186466 0.23381779762459276 0
2 "C II" 903.962 2 14.130690934419658 -70.55724976203268  122 123 3.5865350565931976e-26 16780.87717665171 0.2412587080589555 0
3 "C II" 903.962 2 14.330532215682169 -72.42940027411838 3.509502601775769 125 127 3.195433578742609e-26 47247.26432228391 0.24132710956232056 0
4 "C II" 903.962 2 16.260689259073438 -126.46779806833129 36.72310671093257 134 142 1.6780906510305567e-25 13485.813780526994 0.2808831569660533 0
5 "C II" 903.962 2 15.592542571326014 -82.08550719624986 21.096152289149558 298 348 3.0578165353686637e-26 12255.584200067924 0.25749852428270803 0
6 "C II" 903.962 2 13.93759628530175 -188.25463142591065 9.67478948263976 454 502 5.447683046792817e-27 15570.915588190308 0.13013578450118649 0
7 "C II" 903.962 2 13.913663728252937 -129.8039934055866 6.660261027833855 737 773 1.5902220079337722e-26 17073.69427024959 0.016083866842396204 0
8 "C II" 903.962 2 13.08172466571188 -219.79426742428302 9.479091484557113 1018 1037 5.5833235546762786e-27 22872.047802565638 0.03371068380366228 0
9 "C II" 903.962 2 15.225058325790807 -179.86846454784074 42.61938327492747 1055 1119 4.3060638523258434e-26 12495.985319032043 0.08278700344213179 0
10 "C II" 903.962 2 15.52913016238817 -50.837545384953316 46.97499200232246 1207 1235 4.7961137135323864e-26 12463.20381786535 0.1855345021901087 0
11 "C II" 903.962 2 13.27277202787543 110.28006965294095  1246 1247 9.593578641627555e-27 54547.52222947344 0.11058502030754411 0
12 "C II" 903.962 2 14.743377686694815 151.98052903457017 34.89376284237454 1248 1274 2.3812591149146862e-26 17727.53708636149 0.09338552422435 0
13 "C II" 903.962 2 13.630751796484157 173.76073252932377 4.819539403239156 1298 1302 1.3636207109523864e-26 29498.88503134262 0.09234823446967616 0
14 "C II" 903.962 2 15.713070469603293 197.65874009704112 9.462599478843332 1305 1336 7.46225484580696e-26 10111.901887231887 0.0848528890597585 0
15 "C II" 903.962 2 13.941400350358217 224.2399125591773 3.9221677124817576 1354 1379 1.5841924969274022e-26 15757.660317836906 0.04125322901391146 0
16 "C II" 903.962 2 16.031180969726915 249.1259399777442 11.08264250851715 1388 1434 4.0366286532311245e-25 9716.881268659743 0.024803126120510305 0
17 "C II" 903.962 2 13.439683654336115 224.2595026452006 8.07087323041927 1435 1442 1.0741143181418642e-26 35135.075256095806 0.048669582454475065 0
18 "C II" 903.962 2 13.133405476618366 28.620607096894798 4.627332344115863 165 171 5.27542139992553e-27 45934.29661747339 0.025358848911213514 1
19 "C II" 903.962 2 14.163066917043679 -14.561730017455783 7.601632042908042 222 249 2.0001752702693756e-26 14487.472911484196 0.022369223898951414 1
20 "C II" 903.962 2 13.312895705420175 -45.67137397584061 7.583295859806449 346 358 1.1401919278863237e-26 24064.48234332309 0.02159892632172183 1
21 "C II" 903.962 2 13.388867399164656 -69.84552353593227 7.582970782868338 390 423 9.070407128547801e-27 17599.915774268993 0.01566062928803466 1
22 "C II" 903.962 2 13.185888661238435 -79.09131812885423 2.6298176056483897 442 472 7.276912200701279e-27 20028.48421252475 0.016411464531261476 1
23 "C II" 903.962 2 13.361170463567166 -112.18988125718089 10.99878139722347 494 539 7.033994792640958e-27 21445.978686073333 0.01622875312884756 1
24 "C II" 903.962 2 15.867221325267462 -69.07387273386027 29.08299202147079 598 729 3.8475364911524534e-26 11374.24864208713 0.12888523008048647 1
25 "C II" 903.962 2 13.30706571213333 -147.70060539196626 5.240365559409776 740 756 6.001904344871085e-27 17199.928970232337 0.07184507778622454 1
26 "C II" 903.962 2 13.700824232554872 -204.09646646529598 22.710816068503448 823 855 8.41100435337316e-27 15581.361821971745 0.04011880567209119 1
27 "C II" 903.962 2 16.523545754905975 17.05574622189659 152.30641814909086 855 901 2.374264400153851e-25 9462.315745465836 0.11374788045259768 1
28 "C II" 903.962 2 19.377017199623253 289.7483046465847 36.85548949166205 907 983 2.8371419568019715e-23 309.49878645892113 0.7379849030343159 1
29 "C II" 903.962 2 13.057238942374962 183.27359192837557 8.0184796611531 1000 1008 2.751749377271608e-27 56108.91000041272 0.2037356119499032 1
30 "C II" 903.962 2 14.277390440472482 126.28704775450095 12.893246639911492 1104 1134 6.318516299559023e-27 11197.99463431146 0.30947724160395723 1
31 "C II" 903.962 2 13.160164869142099 74.36637059249932 6.832994525746229 1150 1159 2.161737739389829e-27 44155.483689322755 0.4246659493647787 1
32 "C II" 903.962 2 13.27550407319415 42.27661846046239 4.801265092982514 1243 1249 2.498356855148661e-27 57281.25219538673 0.44523674309009437 1
33 "C II" 903.962 2 13.824389152050253 195.5367122036403 10.063471587418277 1467 1475 1.219492885661818e-26 32617.70624284827 0.09926804105296098 1
34 "C II" 903.962 2 13.640369920251949 257.9217454201344 13.118182905482707 1553 1562 5.1349098233378604e-27 27294.200609207244 0.2856463249734544 1
35 "C II" 903.962 2 15.921823282900204 -241.99958697356885 10.27273141676587 273 311 9.162507345096699e-26 10169.883794764555 0.0825157994129209 2
36 "C II" 903.962 2 14.461051454829633 -267.7521840493509 7.6228917423971625 320 339 1.864964902920654e-26 12551.894124478014 0.08898698973408138 2
37 "C II" 903.962 2 16.068778864249104 -284.9673064511881 10.030192690945738 339 413 6.027768282127288e-26 10641.16416590528 0.11724908544656373 2
38 "C II" 903.962 2 13.494553332253506 -248.90200348957677 14.109809695874405 448 453 8.375965280940457e-27 35568.95845170993 0.07126236740752173 2
39 "C II" 903.962 2 14.211109092193379 -69.46907220750455 10.356285471879971 460 475 1.337890723570808e-26 23733.34472459584 0.10662174203999697 2
40 "C II" 903.962 2 13.274709540906786 -102.16264239569361 6.05395945116249 486 489 5.994538922130535e-27 45040.50785903736 0.14462093010104 2
41 "C II" 903.962 2 16.162568579041032 -105.24331901663707 8.644047196026275 542 554 1.1048510841445039e-25 9420.16748035256 0.21811176409740599 2
42 "C II" 903.962 2 13.420565389783341 -178.0450144587612  555 556 1.190928558011355e-26 19550.113180139215 0.18937758420332115 2
43 "C II" 903.962 2 13.465673939639268 -325.49421518406814 3.6257738611288324 618 626 4.938843940493646e-27 20780.832691575164 0.2700085006643213 2
44 "C II" 903.962 2 13.966995738230366 42.2393306542849 2.854003055965715 775 799 1.9291750307207978e-26 15826.638750749447 0.021349886490011266 2
45 "C II" 903.962 2 14.362566901678763 98.58703745173656 14.25617384550711 341 349 2.32055530386177e-26 16699.114996531425 0.127461630549372 3
46 "C II" 903.962 2 16.169012608237097 103.77723713495874 25.448813621817216 403 487 1.0668019827385603e-25 10385.500829542769 0.07031659807787008 3
47 "C II" 903.962 2 13.806186724482291 181.95527482797456 8.167796078814561 487 521 8.28324342913726e-27 15902.47093792146 0.06129198039855316 3
48 "C II" 903.962 2 14.751661010593496 151.12319990840913 17.025205124661436 521 537 2.817755134252989e-26 12121.436066373779 0.08866378764559497 3
49 "C II" 903.962 2 13.28207467752861 93.08769951748845 36.00955614336576 592 602 8.107215903379478e-27 18712.436169631066 0.05193171022268776 3
50 "C II" 903.962 2 13.920507674449084 262.2528265098229 3.579896455323022 687 700 1.1487393829760026e-26 20896.83180406244 0.09275001765203868 3
