 name wave redshift col_dens delta_v vel_dispersion interval_start interval_end density temperature metallicity lightray_index
0 "O VI" 1031.912 2 14.06433073342429 -115.14791413535325 10.340070106699985 112 118 6.498003199460344e-27 472768.35487121297 0.3333480338193328 0
1 "O VI" 1031.912 2 13.841303404626382 -77.91605660096609 3.3886502837190284 118 126 2.4488013941792066e-26 106467.4967722834 0.2598295001718867 0
2 "O VI" 1031.912 2 14.751314575071326 -37.03920615061328 47.62717387173744 194 320 4.436505890285442e-27 244357.33100821424 0.2826604445380906 0
3 "O VI" 1031.912 2 13.980985377524492 -109.87673680778003 63.940787863147065 347 598 3.914320028130656e-27 17645.65790183895 0.06397791779972559 0
4 "O VI" 1031.912 2 13.473162150187628 -105.05290691353105 24.196019493333985 600 671 2.3336071749010556e-27 74240.85056966882 0.024776449176000873 0
5 "O VI" 1031.912 2 13.00411252132733 34.282398837982996 18.564591426909985 675 680 3.5690496924172673e-28 365518.0610731202 0.13282825646547966 0
6 "O VI" 1031.912 2 13.094092356229314 -146.68804465802887 6.543276598944758 833 843 1.851787787840918e-27 71914.35563662322 0.03201794772492654 0
7 "O VI" 1031.912 2 13.043791240415022 -158.41823427143842 1.7393293539916561 872 874 6.97021709948291e-28 203019.65821305086 0.0706147635273909 0
8 "O VI" 1031.912 2 14.000251578288184 -185.15257974995902 25.505609102290148 884 1055 3.1499233520974006e-27 54995.94601176423 0.03892565719501707 0
9 "O VI" 1031.912 2 13.261859263131447 -208.52946975582066 5.271686100492787 1055 1098 8.299012051731742e-27 15351.756879530116 0.08530473560743398 0
10 "O VI" 1031.912 2 14.367521639930468 -25.225174027144508 81.04542472206231 1119 1220 2.5068580502056098e-27 11261.8601868786 0.16941804598893198 0
11 "O VI" 1031.912 2 14.150629697821815 103.13605156788127 30.532940733242867 1232 1249 6.422384876285406e-27 169928.37142209362 0.15120444856863743 0
12 "O VI" 1031.912 2 13.425954265408967 163.8365660605329 30.7420377357836 1268 1306 1.043090091129814e-26 36681.0865637471 0.10783597754473945 0
13 "O VI" 1031.912 2 13.142882080456408 196.57982565944278 23.214169322339252 1330 1366 9.294208948905418e-27 24702.328007406504 0.06008342533346062 0
14 "O VI" 1031.912 2 13.096983274645932 184.265439441001 30.72016408416101 1372 1382 5.1094717093866655e-27 62667.718897470695 0.07844255013227967 0
15 "O VI" 1031.912 2 12.995834260192558 63.26980839849204 61.592042947874006 1471 1479 1.7317863493269367e-27 309497.2729903012 0.3157073009858361 0
16 "O VI" 1031.912 2 13.087894334765275 -11.772626463094536 8.810359681961636 1670 1680 2.702262525120444e-28 543041.492105806 0.3671687440941942 0
17 "O VI" 1031.912 2 12.871518275611692 52.77106634908628 4.330938711782349 1767 1783 6.386822124803083e-29 259413.5255459758 0.12191341012510672 0
18 "O VI" 1031.912 2 13.521666454006757 100.7431498744411 2.829438067289244 1783 1791 5.954100837049486e-28 50931.42976915633 0.010899687694021174 0
19 "O VI" 1031.912 2 13.518576543513946 30.66915940175066 18.456725218783298 117 217 3.7996053689672446e-27 99836.42680017564 0.03450084294429223 1
20 "O VI" 1031.912 2 12.857977757115096 -9.985684505223267 17.44213961852868 235 272 1.1542648571231089e-26 29578.155311760238 0.019067012510127598 1
21 "O VI" 1031.912 2 13.708967580531732 -71.73845837298846 17.5267831018954 535 615 1.0913106279045549e-26 14267.246934514356 0.04795511184752451 1
22 "O VI" 1031.912 2 13.3165240157193 -86.63496518828185 6.347933889434455 617 654 9.361953654867004e-27 13045.097165353483 0.12238850219165019 1
23 "O VI" 1031.912 2 13.964453624013823 -163.03074583996641 24.870447019865395 717 846 5.953952024321374e-27 15520.394191973726 0.06045881045367876 1
24 "O VI" 1031.912 2 13.625165274963882 196.03805289894024 86.36824356069211 898 911 6.040244436067138e-27 19478.766964396626 0.4167979878017865 1
25 "O VI" 1031.912 2 14.45245909848526 183.39568819089257 53.08657988352019 982 1024 4.036167008550216e-27 137657.56355825256 0.3204309276634702 1
26 "O VI" 1031.912 2 13.77127424325838 106.83083862665441 21.986399387571456 1101 1142 6.079217205786886e-27 17270.64676533738 0.30799725982867876 1
27 "O VI" 1031.912 2 13.707507170285972 66.53467088965789 30.688186869268286 1144 1165 1.825464846351661e-27 68283.94027720598 0.4281786510237585 1
28 "O VI" 1031.912 2 13.985328609691493 -59.508024329250375 32.49567528706933 1191 1225 9.18964318427478e-28 303840.35294572735 0.39324097203720343 1
29 "O VI" 1031.912 2 13.602256945958848 39.866466417070065 14.742410006364533 1239 1255 1.980469711057358e-27 119634.25162977092 0.44585860132161265 1
30 "O VI" 1031.912 2 13.65481492004715 124.65512768782152 16.617563787047033 1412 1435 2.0194779496017382e-27 606279.0670235095 0.19747995547479166 1
31 "O VI" 1031.912 2 13.417944514453277 150.2546395517375 49.95939441243283 1462 1491 1.0894980039810501e-26 83882.93687128271 0.11002118497075465 1
32 "O VI" 1031.912 2 14.169967175515701 168.36333133574885 60.27570592569008 1547 1565 4.966320866850681e-27 151391.01760537623 0.2806994219707543 1
33 "O VI" 1031.912 2 13.292369172453272 74.46631826028954 19.983331164733563 1620 1634 4.21336984734563e-28 281580.70923008653 0.27186891997907336 1
34 "O VI" 1031.912 2 13.016533445006901 180.32301356077994 5.190940941972556 1793 1843 4.135123642549086e-28 211891.35711732108 0.004562616360397243 1
35 "O VI" 1031.912 2 13.034158784998436 125.17954849966856 17.166338928098952 1843 1860 1.1062458741617164e-27 256056.1260310186 0.003012217445894333 1
36 "O VI" 1031.912 2 13.269370626998828 -237.5460936600892 23.804847479281275 263 284 2.110953903105455e-26 14058.548299351232 0.08348356316017254 2
37 "O VI" 1031.912 2 13.197094659996676 -269.8414046301446 10.567851292860626 308 361 1.4295750588762712e-26 12861.32778109612 0.1042112612541948 2
38 "O VI" 1031.912 2 13.514969186989353 -232.98105054509836 33.079674484687985 433 456 6.099695508373512e-27 89720.7086452875 0.08432109186347835 2
39 "O VI" 1031.912 2 13.392332307549871 -111.66472516154762 21.453258880373586 459 493 1.1620487411398651e-26 47843.86077003889 0.11505371307005857 2
40 "O VI" 1031.912 2 13.667769466209819 -241.80312105049364 47.8371166146386 553 583 1.685749727862634e-26 78655.2016264106 0.19768686040698596 2
41 "O VI" 1031.912 2 13.690945440913719 -348.9364496029725 20.45880180697715 616 639 3.964800495608176e-27 46544.93330686472 0.272607304730953 2
42 "O VI" 1031.912 2 14.443536219245251 -279.4508160588424 6.170829000849577 643 660 7.986239513731927e-28 460788.99100594595 0.966615309582662 2
43 "O VI" 1031.912 2 12.898333910028382 8.422794096552106 25.728336284318846 791 821 9.821123250338177e-27 60768.92725480806 0.0407383671662708 2
44 "O VI" 1031.912 2 13.987453350720763 39.492423904236965 8.438002131056228 0 16 3.571390219810943e-28 51555.3604407148 0.021527817127000116 3
45 "O VI" 1031.912 2 13.710206374953609 267.5557215534045 24.017792192574625 126 185 8.111416401483257e-29 244413.45631942482 0.5486384982963175 3
46 "O VI" 1031.912 2 14.439736215195062 222.8277580222269 14.227593428558508 199 229 5.584280285698308e-28 89843.54664039315 0.46166495736148766 3
47 "O VI" 1031.912 2 14.644470175214808 233.9356790777511 56.90528196440069 245 336 5.273808291451109e-28 73342.98132030768 0.2827319115439002 3
48 "O VI" 1031.912 2 14.039463923321094 126.00023952025559 28.477830005897694 348 407 6.81598775488036e-27 22111.723417732464 0.1515878389196211 3
49 "O VI" 1031.912 2 12.912782724138108 182.56805184042258 8.184301361424238 484 511 8.086724734057848e-27 15742.874455563046 0.07075816261671447 3
50 "O VI" 1031.912 2 13.596622514208523 -9.464980730034657 13.181350933467936 537 594 3.295035306180998e-27 29567.131918361803 0.06056553936766076 3
51 "O VI" 1031.912 2 13.975647501165193 257.2000770148491 16.498041593547295 613 677 8.094088978932205e-28 230872.92113984903 0.12873062921357986 3
52 "O VI" 1031.912 2 12.842209884236429 262.61913763897616 15.95709559517593 683 705 1.0886784212911061e-26 26048.37418602643 0.09173922229315405 3
53 "O VI" 1031.912 2 14.361409246546254 189.04187339535423 47.08986820736237 746 872 5.556504588700011e-28 178489.354627853 0.19857397377225292 3
54 "O VI" 1031.912 2 14.054785363711005 118.47137003690071 21.882731447818596 874 896 2.690066574023392e-28 327966.5469767564 0.42846195774656315 3
