 name wave redshift col_dens delta_v vel_dispersion interval_start interval_end density temperature metallicity lightray_index
0 "C IV" 1548.187 2 14.225837242334773 -128.34517427380595 58.087965472212986 47 95 1.55638108640829e-25 10140.984317766395 0.1386460074367637 0
1 "C IV" 1548.187 2 13.036003912317119 -97.04186820085822 13.712403229655772 113 118 6.557103190975546e-27 458144.1100708263 0.33112701979675024 0
2 "C IV" 1548.187 2 13.413481071088759 -82.95137682504898  118 119 3.2992966096413396e-26 16765.383096186466 0.23381779762459276 0
3 "C IV" 1548.187 2 13.297540034570888 -72.22069855437414 5.356097668337224 121 123 2.653027039434265e-26 88839.55096464964 0.26543123414365055 0
4 "C IV" 1548.187 2 14.059237505155687 -69.26552017686318 4.190057313634264 124 127 2.7985420456567414e-26 72039.73542000669 0.24946928746772956 0
5 "C IV" 1548.187 2 14.472192844784752 -17.676917923724478 82.2473350006904 134 142 1.6780906510305567e-25 13485.813780526994 0.2808831569660533 0
6 "C IV" 1548.187 2 15.103288899539825 -57.70940595439693 50.31871597629228 211 422 2.635883580690148e-26 12021.880604749284 0.23867870645664077 0
7 "C IV" 1548.187 2 14.847804385270534 -175.1677533271751 23.029802810662 422 598 4.207285069675725e-27 18135.510466329222 0.06641310189696889 0
8 "C IV" 1548.187 2 13.490203657981775 -76.56685874479649 10.391933188543792 616 652 3.0285903655947058e-27 40892.86033306355 0.02290918352602679 0
9 "C IV" 1548.187 2 13.822448995890047 -114.24010498244036 34.095561752746654 727 774 1.5319446101722175e-26 18457.198797533812 0.016698611225037636 0
10 "C IV" 1548.187 2 13.019208493199661 -151.343133359717 3.7489966201578357 837 841 2.214692903448138e-27 43194.637637642365 0.025783062786926297 0
11 "C IV" 1548.187 2 13.105825599071267 -163.87422984453787 6.9767964080165825 901 916 2.052722980826606e-27 83468.58088213914 0.049270805669111926 0
12 "C IV" 1548.187 2 15.157389750527386 -123.4154645467729 102.05988269932026 965 1235 3.6736551067093305e-26 14269.097002197552 0.11499934380918105 0
13 "C IV" 1548.187 2 14.343180059032354 140.91545284565132 43.994636407593255 1242 1277 2.2405990188105344e-26 26436.577799151008 0.09580622514998988 0
14 "C IV" 1548.187 2 14.290006919689267 187.42587284684203 19.266274154828036 1295 1338 7.24400430507967e-26 11240.69548733119 0.08551951610780219 0
15 "C IV" 1548.187 2 14.06279737305676 224.97765556220827 6.249754181297771 1351 1382 1.510868843412784e-26 23572.301215916756 0.04602819805906939 0
16 "C IV" 1548.187 2 13.019918587364806 147.61145075071997 133.91096556318 1385 1399 1.3393835465276457e-25 10660.593032373063 0.03706098839872993 0
17 "C IV" 1548.187 2 14.026746326373354 233.31853229153774 14.749892759632791 1406 1442 2.562762504615799e-25 12540.046024881334 0.02503597380780421 0
18 "C IV" 1548.187 2 13.403062178448756 31.00826974233723 5.770334437499769 164 174 4.9394054863687346e-27 55333.40374571494 0.02763690585675142 1
19 "C IV" 1548.187 2 13.497434070108147 13.732535496573696 4.606908612563671 181 208 3.788594005550196e-27 27377.264240131262 0.02146775299179554 1
20 "C IV" 1548.187 2 13.871894175951264 -14.73510217009869 13.047174778137078 208 251 1.8102161857895275e-26 14534.717738088792 0.020865114202056934 1
21 "C IV" 1548.187 2 13.374382004804945 -45.81604706367212 7.942887349678169 345 358 1.1028217885659027e-26 27901.037254439354 0.021828305587912166 1
22 "C IV" 1548.187 2 13.750556945060296 -70.11554217174995 7.931909170921034 390 425 8.864327690470098e-27 18867.476230621454 0.01586351012003381 1
23 "C IV" 1548.187 2 15.2962689268592 -99.81896820777402 34.156941396524466 442 785 2.8267630461306384e-26 13579.859409221359 0.09779149241522528 1
24 "C IV" 1548.187 2 14.469484288674153 -215.23715650226217 21.387887881032217 795 873 9.543640139459357e-27 14503.569901953006 0.04317822007363444 1
25 "C IV" 1548.187 2 13.664100453959835 75.38355142829691 94.73443612613637 881 892 1.7765355365495088e-25 9239.032340053034 0.12135720273771304 1
26 "C IV" 1548.187 2 14.110905465332674 60.61526001719459 13.939770444254059 892 901 1.2636949968886526e-25 9628.213289653908 0.17680753780477762 1
27 "C IV" 1548.187 2 14.460281664755593 212.58257841189322 25.348655743203032 905 920 1.4831804625827559e-25 6578.171263130973 0.8916159050262025 1
28 "C IV" 1548.187 2 14.21001937240412 224.19020156967508 17.53334864829293 934 937 1.8374956563584403e-25 5940.237673517229 1.0095713054770827 1
29 "C IV" 1548.187 2 13.911186431139702 320.2651080060355 7.3416320361479 973 986 2.7311442480391977e-25 8740.601499749237 0.2082329302551378 1
30 "C IV" 1548.187 2 13.71878306643266 218.15724604647687 30.743670361033654 988 999 4.378034098806152e-27 179410.0844805244 0.4508076477601325 1
31 "C IV" 1548.187 2 13.754472492635335 178.432587758184 14.61447101568051 1000 1011 2.516518553998428e-27 58918.96058189509 0.19745545196980366 1
32 "C IV" 1548.187 2 14.937619629911776 121.03675270032926 15.275020443010643 1102 1136 6.136277326761962e-27 14463.913153167838 0.30770373827126646 1
33 "C IV" 1548.187 2 14.024863853239383 71.61883843129448 11.97919070249186 1149 1162 1.937445971965293e-27 51427.703652265605 0.4247267809515107 1
34 "C IV" 1548.187 2 13.488644539274175 -44.25538292863243 9.986085560827656 1197 1206 1.4936786181634031e-27 105855.56396731496 0.34826340481074186 1
35 "C IV" 1548.187 2 13.905010570319451 43.226412778935135 6.63997147714631 1242 1252 2.1723249575266557e-27 76577.1959671034 0.4451760374076283 1
36 "C IV" 1548.187 2 13.827507959510239 193.55462734447852 12.820761351942483 1467 1475 1.219492885661818e-26 32617.70624284827 0.09926804105296098 1
37 "C IV" 1548.187 2 14.222166106389324 248.90057104437136 19.506129297555482 1550 1562 5.061133370734928e-27 45547.85177119897 0.2805559942273626 1
38 "C IV" 1548.187 2 14.394352058041685 -217.5041010636009 9.738887217200185 265 297 3.812197625688881e-26 11645.389087677873 0.0753260314921239 2
39 "C IV" 1548.187 2 15.05489424864274 -277.050177047256 14.87580812045636 301 414 6.030688739346463e-26 10703.932072163809 0.111112427849761 2
40 "C IV" 1548.187 2 13.757279665359356 -269.88484799047313 20.733860098276246 438 453 6.72425763726711e-27 39908.07388192188 0.07590309265745768 2
41 "C IV" 1548.187 2 14.203029229504349 -75.7592078315713 10.772638434911016 460 477 1.2997665349171344e-26 25394.34965869547 0.10729666269127454 2
42 "C IV" 1548.187 2 13.377388592192299 -105.88242122676861 7.511659976597841 486 491 5.127472510123643e-27 61730.51266820093 0.14965461805513353 2
43 "C IV" 1548.187 2 14.297293826828374 -136.84860458799338 30.528246948057006 542 558 1.0812942797184116e-25 10253.603358446595 0.2175069336195511 2
44 "C IV" 1548.187 2 14.30510172205657 -326.96698116084303 6.430006589893636 617 629 4.397100043853189e-27 27942.35591995092 0.270329597218161 2
45 "C IV" 1548.187 2 13.955133352362234 38.828654504616914 7.182137642863201 774 803 1.852017012643684e-26 17350.12189811613 0.023892802475224274 2
46 "C IV" 1548.187 2 13.845198334049604 217.3153105984009 6.9938028758676865 202 222 6.153201871955344e-28 67826.21207943239 0.45671339408314804 3
47 "C IV" 1548.187 2 13.039813829448393 265.7444494111942 4.970860954680114 260 265 4.496705948753548e-28 81947.35252376675 0.45434995351722973 3
48 "C IV" 1548.187 2 14.108563979535216 187.98703009040392 21.968917105853237 268 322 6.807511710451251e-28 12214.42232446856 0.18823488991809872 3
49 "C IV" 1548.187 2 14.180712011609023 127.14335651913525 31.855299044500708 339 366 2.0031629308125047e-26 20615.56763101878 0.13800886115923916 3
50 "C IV" 1548.187 2 15.028684541792543 124.41851734407281 52.37674689805726 378 605 9.292348395444705e-26 11353.909062124798 0.07090275635959563 3
51 "C IV" 1548.187 2 14.025907049067182 262.02579566943524 5.832018084074784 685 703 1.0998222989185352e-26 22888.95438679835 0.09208626821434551 3
52 "C IV" 1548.187 2 13.528851787409353 384.3721532766474 17.7066873843116 722 757 9.462270602608463e-27 26994.653752101334 0.01571917982324278 3
53 "C IV" 1548.187 2 13.215655358177795 193.2777205298644 16.977019331456003 794 849 5.59477918868274e-28 125989.81066379475 0.20340843245406837 3
