 name wave redshift col_dens delta_v vel_dispersion interval_start interval_end density temperature metallicity lightray_index
0 "O VI" 1031.912 2 14.016419177286052 -115.14791413535328 10.340070106699985 112 118 6.498003199460344e-27 472768.35487121297 0.3333480338193328 0
1 "O VI" 1031.912 2 13.793391848488145 -77.91605660096607 3.3886502837190275 118 126 2.4488013941792066e-26 106467.4967722834 0.2598295001718867 0
2 "O VI" 1031.912 2 14.70340301893309 -37.03920615061328 47.627173871737455 194 320 4.436505890285442e-27 244357.33100821424 0.2826604445380906 0
3 "O VI" 1031.912 2 13.933073821386255 -109.87673680778002 63.940787863147065 347 598 3.914320028130656e-27 17645.65790183895 0.06397791779972559 0
4 "O VI" 1031.912 2 13.425250594049391 -105.05290691353107 24.19601949333399 600 671 2.3336071749010556e-27 74240.85056966882 0.024776449176000873 0
5 "O VI" 1031.912 2 12.956200965189092 34.282398837982996 18.56459142690999 675 680 3.5690496924172673e-28 365518.0610731202 0.13282825646547966 0
6 "O VI" 1031.912 2 13.046180800091078 -146.68804465802887 6.543276598944757 833 843 1.851787787840918e-27 71914.35563662322 0.03201794772492654 0
7 "O VI" 1031.912 2 12.995879684276785 -158.41823427143845 1.7393293539916557 872 874 6.97021709948291e-28 203019.65821305086 0.0706147635273909 0
8 "O VI" 1031.912 2 13.952340022149947 -185.15257974995896 25.505609102290144 884 1055 3.1499233520974006e-27 54995.94601176423 0.03892565719501707 0
9 "O VI" 1031.912 2 13.21394770699321 -208.5294697558206 5.2716861004927855 1055 1098 8.299012051731742e-27 15351.756879530116 0.08530473560743398 0
10 "O VI" 1031.912 2 14.319610083792229 -25.225174027144504 81.0454247220623 1119 1220 2.5068580502056098e-27 11261.8601868786 0.16941804598893198 0
11 "O VI" 1031.912 2 14.102718141683576 103.13605156788125 30.532940733242857 1232 1249 6.422384876285406e-27 169928.37142209362 0.15120444856863743 0
12 "O VI" 1031.912 2 13.37804270927073 163.83656606053285 30.74203773578359 1268 1306 1.043090091129814e-26 36681.0865637471 0.10783597754473945 0
13 "O VI" 1031.912 2 13.094970524318171 196.57982565944272 23.214169322339245 1330 1366 9.294208948905418e-27 24702.328007406504 0.06008342533346062 0
14 "O VI" 1031.912 2 13.049071718507696 184.265439441001 30.720164084160995 1372 1382 5.1094717093866655e-27 62667.718897470695 0.07844255013227967 0
15 "O VI" 1031.912 2 12.94792270405432 63.26980839849204 61.59204294787402 1471 1479 1.7317863493269367e-27 309497.2729903012 0.3157073009858361 0
16 "O VI" 1031.912 2 13.039982778627037 -11.772626463094536 8.810359681961636 1670 1680 2.702262525120444e-28 543041.492105806 0.3671687440941942 0
17 "O VI" 1031.912 2 12.823606719473455 52.77106634908629 4.330938711782349 1767 1783 6.386822124803083e-29 259413.5255459758 0.12191341012510672 0
18 "O VI" 1031.912 2 13.47375489786852 100.74314987444109 2.8294380672892445 1783 1791 5.954100837049486e-28 50931.42976915633 0.010899687694021174 0
19 "O VI" 1031.912 2 13.47066498737571 30.669159401750676 18.4567252187833 117 217 3.7996053689672446e-27 99836.42680017564 0.03450084294429223 1
20 "O VI" 1031.912 2 12.810066200976857 -9.98568450522327 17.44213961852868 235 272 1.1542648571231089e-26 29578.155311760238 0.019067012510127598 1
21 "O VI" 1031.912 2 13.661056024393494 -71.73845837298846 17.526783101895404 535 615 1.0913106279045549e-26 14267.246934514356 0.04795511184752451 1
22 "O VI" 1031.912 2 13.268612459581064 -86.63496518828185 6.347933889434456 617 654 9.361953654867004e-27 13045.097165353483 0.12238850219165019 1
23 "O VI" 1031.912 2 13.916542067875586 -163.03074583996641 24.87044701986539 717 846 5.953952024321374e-27 15520.394191973726 0.06045881045367876 1
24 "O VI" 1031.912 2 13.577253718825643 196.03805289894026 86.36824356069212 898 911 6.040244436067138e-27 19478.766964396626 0.4167979878017865 1
25 "O VI" 1031.912 2 14.404547542347023 183.39568819089263 53.08657988352018 982 1024 4.036167008550216e-27 137657.56355825256 0.3204309276634702 1
26 "O VI" 1031.912 2 13.723362687120144 106.83083862665437 21.986399387571456 1101 1142 6.079217205786886e-27 17270.64676533738 0.30799725982867876 1
27 "O VI" 1031.912 2 13.659595614147733 66.53467088965792 30.688186869268286 1144 1165 1.825464846351661e-27 68283.94027720598 0.4281786510237585 1
28 "O VI" 1031.912 2 13.937417053553254 -59.50802432925039 32.49567528706933 1191 1225 9.18964318427478e-28 303840.35294572735 0.39324097203720343 1
29 "O VI" 1031.912 2 13.554345389820611 39.86646641707006 14.742410006364532 1239 1255 1.980469711057358e-27 119634.25162977092 0.44585860132161265 1
30 "O VI" 1031.912 2 13.606903363908911 124.65512768782148 16.617563787047033 1412 1435 2.0194779496017382e-27 606279.0670235095 0.19747995547479166 1
31 "O VI" 1031.912 2 13.37003295831504 150.25463955173757 49.959394412432836 1462 1491 1.0894980039810501e-26 83882.93687128271 0.11002118497075465 1
32 "O VI" 1031.912 2 14.122055619377463 168.36333133574885 60.27570592569008 1547 1565 4.966320866850681e-27 151391.01760537623 0.2806994219707543 1
33 "O VI" 1031.912 2 13.244457616315035 74.46631826028951 19.983331164733563 1620 1634 4.21336984734563e-28 281580.70923008653 0.27186891997907336 1
34 "O VI" 1031.912 2 12.968621888868665 180.32301356077997 5.190940941972555 1793 1843 4.135123642549086e-28 211891.35711732108 0.004562616360397243 1
35 "O VI" 1031.912 2 12.986247228860197 125.17954849966858 17.166338928098952 1843 1860 1.1062458741617164e-27 256056.1260310186 0.003012217445894333 1
36 "O VI" 1031.912 2 13.22145907086059 -237.54609366008918 23.80484747928128 263 284 2.110953903105455e-26 14058.548299351232 0.08348356316017254 2
37 "O VI" 1031.912 2 13.149183103858437 -269.84140463014467 10.567851292860622 308 361 1.4295750588762712e-26 12861.32778109612 0.1042112612541948 2
38 "O VI" 1031.912 2 13.467057630851114 -232.98105054509838 33.079674484687985 433 456 6.099695508373512e-27 89720.7086452875 0.08432109186347835 2
39 "O VI" 1031.912 2 13.344420751411635 -111.6647251615476 21.453258880373586 459 493 1.1620487411398651e-26 47843.86077003889 0.11505371307005857 2
40 "O VI" 1031.912 2 13.619857910071582 -241.80312105049367 47.83711661463861 553 583 1.685749727862634e-26 78655.2016264106 0.19768686040698596 2
41 "O VI" 1031.912 2 13.64303388477548 -348.9364496029725 20.45880180697715 616 639 3.964800495608176e-27 46544.93330686472 0.272607304730953 2
42 "O VI" 1031.912 2 14.395624663107014 -279.4508160588424 6.170829000849578 643 660 7.986239513731927e-28 460788.99100594595 0.966615309582662 2
43 "O VI" 1031.912 2 12.850422353890146 8.422794096552106 25.728336284318843 791 821 9.821123250338177e-27 60768.92725480806 0.0407383671662708 2
44 "O VI" 1031.912 2 13.939541794582526 39.492423904236965 8.438002131056228 0 16 3.571390219810943e-28 51555.3604407148 0.021527817127000116 3
45 "O VI" 1031.912 2 13.66229481881537 267.5557215534045 24.01779219257462 126 185 8.111416401483257e-29 244413.45631942482 0.5486384982963175 3
46 "O VI" 1031.912 2 14.391824659056823 222.8277580222268 14.227593428558507 199 229 5.584280285698308e-28 89843.54664039315 0.46166495736148766 3
47 "O VI" 1031.912 2 14.596558619076571 233.93567907775113 56.90528196440069 245 336 5.273808291451109e-28 73342.98132030768 0.2827319115439002 3
48 "O VI" 1031.912 2 13.991552367182857 126.00023952025556 28.47783000589769 348 407 6.81598775488036e-27 22111.723417732464 0.1515878389196211 3
49 "O VI" 1031.912 2 12.864871167999869 182.56805184042267 8.18430136142424 484 511 8.086724734057848e-27 15742.874455563046 0.07075816261671447 3
50 "O VI" 1031.912 2 13.548710958070284 -9.464980730034657 13.181350933467934 537 594 3.295035306180998e-27 29567.131918361803 0.06056553936766076 3
51 "O VI" 1031.912 2 13.927735945026955 257.2000770148491 16.4980415935473 613 677 8.094088978932205e-28 230872.92113984903 0.12873062921357986 3
52 "O VI" 1031.912 2 14.313497690408015 189.0418733953543 47.08986820736239 746 872 5.556504588700011e-28 178489.354627853 0.19857397377225292 3
53 "O VI" 1031.912 2 14.006873807572768 118.47137003690067 21.882731447818596 874 896 2.690066574023392e-28 327966.5469767564 0.42846195774656315 3
