 name wave redshift col_dens delta_v vel_dispersion interval_start interval_end density temperature metallicity lightray_index
0 "C II" 903.962 2 16.20326659366976 -77.08842889485489 31.0420014708236 49 95 1.558730921013215e-25 10051.641539443286 0.13879205765512861 0
1 "C II" 903.962 2 13.95982415794203 -82.95137682504898  118 119 3.2992966096413396e-26 16765.383096186466 0.23381779762459276 0
2 "C II" 903.962 2 13.821911671041654 -70.55724976203268  122 123 3.5865350565931976e-26 16780.87717665171 0.2412587080589555 0
3 "C II" 903.962 2 14.021752952304166 -72.42940027411836 3.5095026017757673 125 127 3.195433578742609e-26 47247.26432228391 0.24132710956232056 0
4 "C II" 903.962 2 15.951909995695434 -126.4677980683313 36.723106710932576 134 142 1.6780906510305567e-25 13485.813780526994 0.2808831569660533 0
5 "C II" 903.962 2 15.28376330794801 -82.08550719624986 21.096152289149554 298 348 3.0578165353686637e-26 12255.584200067924 0.25749852428270803 0
6 "C II" 903.962 2 13.628817021923746 -188.25463142591065 9.67478948263976 454 502 5.447683046792817e-27 15570.915588190308 0.13013578450118649 0
7 "C II" 903.962 2 13.604884464874933 -129.80399340558657 6.6602610278338545 737 773 1.5902220079337722e-26 17073.69427024959 0.016083866842396204 0
8 "C II" 903.962 2 14.916279062412803 -179.86846454784072 42.619383274927465 1055 1119 4.3060638523258434e-26 12495.985319032043 0.08278700344213179 0
9 "C II" 903.962 2 15.220350899010167 -50.83754538495331 46.97499200232246 1207 1235 4.7961137135323864e-26 12463.20381786535 0.1855345021901087 0
10 "C II" 903.962 2 14.434598423316812 151.9805290345702 34.89376284237455 1248 1274 2.3812591149146862e-26 17727.53708636149 0.09338552422435 0
11 "C II" 903.962 2 13.321972533106154 173.76073252932372 4.819539403239156 1298 1302 1.3636207109523864e-26 29498.88503134262 0.09234823446967616 0
12 "C II" 903.962 2 15.40429120622529 197.65874009704115 9.462599478843332 1305 1336 7.46225484580696e-26 10111.901887231887 0.0848528890597585 0
13 "C II" 903.962 2 13.632621086980214 224.23991255917733 3.9221677124817576 1354 1379 1.5841924969274022e-26 15757.660317836906 0.04125322901391146 0
14 "C II" 903.962 2 15.722401706348911 249.1259399777442 11.08264250851715 1388 1434 4.0366286532311245e-25 9716.881268659743 0.024803126120510305 0
15 "C II" 903.962 2 13.13090439095811 224.2595026452007 8.070873230419274 1435 1442 1.0741143181418642e-26 35135.075256095806 0.048669582454475065 0
16 "C II" 903.962 2 13.854287653665676 -14.561730017455787 7.601632042908042 222 249 2.0001752702693756e-26 14487.472911484196 0.022369223898951414 1
17 "C II" 903.962 2 13.004116442042173 -45.6713739758406 7.583295859806447 346 358 1.1401919278863237e-26 24064.48234332309 0.02159892632172183 1
18 "C II" 903.962 2 13.080088135786653 -69.84552353593227 7.582970782868339 390 423 9.070407128547801e-27 17599.915774268993 0.01566062928803466 1
19 "C II" 903.962 2 13.052391200189163 -112.18988125718086 10.99878139722347 494 539 7.033994792640958e-27 21445.978686073333 0.01622875312884756 1
20 "C II" 903.962 2 15.558442061889458 -69.07387273386027 29.082992021470787 598 729 3.8475364911524534e-26 11374.24864208713 0.12888523008048647 1
21 "C II" 903.962 2 13.392044969176869 -204.09646646529595 22.710816068503444 823 855 8.41100435337316e-27 15581.361821971745 0.04011880567209119 1
22 "C II" 903.962 2 16.21476649152797 17.05574622189659 152.30641814909086 855 901 2.374264400153851e-25 9462.315745465836 0.11374788045259768 1
23 "C II" 903.962 2 19.06823793624525 289.7483046465847 36.85548949166205 907 983 2.8371419568019715e-23 309.49878645892113 0.7379849030343159 1
24 "C II" 903.962 2 13.968611177094479 126.28704775450096 12.893246639911489 1104 1134 6.318516299559023e-27 11197.99463431146 0.30947724160395723 1
25 "C II" 903.962 2 13.51560988867225 195.53671220364026 10.06347158741828 1467 1475 1.219492885661818e-26 32617.70624284827 0.09926804105296098 1
26 "C II" 903.962 2 13.331590656873944 257.9217454201344 13.118182905482708 1553 1562 5.1349098233378604e-27 27294.200609207244 0.2856463249734544 1
27 "C II" 903.962 2 15.613044019522201 -241.9995869735687 10.272731416765867 273 311 9.162507345096699e-26 10169.883794764555 0.0825157994129209 2
28 "C II" 903.962 2 14.15227219145163 -267.7521840493508 7.622891742397159 320 339 1.864964902920654e-26 12551.894124478014 0.08898698973408138 2
29 "C II" 903.962 2 15.7599996008711 -284.96730645118805 10.030192690945734 339 413 6.027768282127288e-26 10641.16416590528 0.11724908544656373 2
30 "C II" 903.962 2 13.185774068875503 -248.90200348957677 14.109809695874405 448 453 8.375965280940457e-27 35568.95845170993 0.07126236740752173 2
31 "C II" 903.962 2 13.902329828815375 -69.46907220750452 10.35628547187997 460 475 1.337890723570808e-26 23733.34472459584 0.10662174203999697 2
32 "C II" 903.962 2 15.853789315663029 -105.24331901663707 8.644047196026275 542 554 1.1048510841445039e-25 9420.16748035256 0.21811176409740599 2
33 "C II" 903.962 2 13.111786126405338 -178.0450144587612  555 556 1.190928558011355e-26 19550.113180139215 0.18937758420332115 2
34 "C II" 903.962 2 13.156894676261265 -325.4942151840681 3.625773861128832 618 626 4.938843940493646e-27 20780.832691575164 0.2700085006643213 2
35 "C II" 903.962 2 13.658216474852363 42.23933065428489 2.854003055965715 775 799 1.9291750307207978e-26 15826.638750749447 0.021349886490011266 2
36 "C II" 903.962 2 14.05378763830076 98.58703745173653 14.25617384550711 341 349 2.32055530386177e-26 16699.114996531425 0.127461630549372 3
37 "C II" 903.962 2 15.860233344859093 103.77723713495874 25.44881362181722 403 487 1.0668019827385603e-25 10385.500829542769 0.07031659807787008 3
38 "C II" 903.962 2 13.497407461104288 181.9552748279746 8.167796078814561 487 521 8.28324342913726e-27 15902.47093792146 0.06129198039855316 3
39 "C II" 903.962 2 14.442881747215493 151.12319990840916 17.02520512466144 521 537 2.817755134252989e-26 12121.436066373779 0.08866378764559497 3
40 "C II" 903.962 2 13.61172841107108 262.2528265098229 3.579896455323022 687 700 1.1487393829760026e-26 20896.83180406244 0.09275001765203868 3
