 name wave redshift col_dens delta_v vel_dispersion interval_start interval_end density temperature metallicity lightray_index
0 "C II" 903.962 2 16.286445500260573 -77.0884288948549 31.042001470823607 49 95 1.558730921013215e-25 10051.641539443286 0.13879205765512861 0
1 "C II" 903.962 2 14.043003064532845 -82.95137682504898  118 119 3.2992966096413396e-26 16765.383096186466 0.23381779762459276 0
2 "C II" 903.962 2 13.90509057763247 -70.55724976203268  122 123 3.5865350565931976e-26 16780.87717665171 0.2412587080589555 0
3 "C II" 903.962 2 14.10493185889498 -72.42940027411836 3.5095026017757665 125 127 3.195433578742609e-26 47247.26432228391 0.24132710956232056 0
4 "C II" 903.962 2 16.03508890228625 -126.46779806833128 36.723106710932576 134 142 1.6780906510305567e-25 13485.813780526994 0.2808831569660533 0
5 "C II" 903.962 2 15.366942214538827 -82.08550719624986 21.096152289149554 298 348 3.0578165353686637e-26 12255.584200067924 0.25749852428270803 0
6 "C II" 903.962 2 13.711995928514563 -188.25463142591062 9.67478948263976 454 502 5.447683046792817e-27 15570.915588190308 0.13013578450118649 0
7 "C II" 903.962 2 13.68806337146575 -129.80399340558654 6.6602610278338545 737 773 1.5902220079337722e-26 17073.69427024959 0.016083866842396204 0
8 "C II" 903.962 2 14.99945796900362 -179.86846454784077 42.61938327492747 1055 1119 4.3060638523258434e-26 12495.985319032043 0.08278700344213179 0
9 "C II" 903.962 2 15.303529805600983 -50.837545384953316 46.97499200232245 1207 1235 4.7961137135323864e-26 12463.20381786535 0.1855345021901087 0
10 "C II" 903.962 2 13.047171671088241 110.28006965294095  1246 1247 9.593578641627555e-27 54547.52222947344 0.11058502030754411 0
11 "C II" 903.962 2 14.517777329907629 151.98052903457014 34.89376284237454 1248 1274 2.3812591149146862e-26 17727.53708636149 0.09338552422435 0
12 "C II" 903.962 2 13.405151439696969 173.76073252932377 4.8195394032391565 1298 1302 1.3636207109523864e-26 29498.88503134262 0.09234823446967616 0
13 "C II" 903.962 2 15.487470112816105 197.65874009704103 9.46259947884333 1305 1336 7.46225484580696e-26 10111.901887231887 0.0848528890597585 0
14 "C II" 903.962 2 13.715799993571029 224.23991255917727 3.9221677124817576 1354 1379 1.5841924969274022e-26 15757.660317836906 0.04125322901391146 0
15 "C II" 903.962 2 15.805580612939726 249.12593997774425 11.082642508517152 1388 1434 4.0366286532311245e-25 9716.881268659743 0.024803126120510305 0
16 "C II" 903.962 2 13.214083297548926 224.25950264520063 8.070873230419272 1435 1442 1.0741143181418642e-26 35135.075256095806 0.048669582454475065 0
17 "C II" 903.962 2 13.93746656025649 -14.561730017455783 7.601632042908042 222 249 2.0001752702693756e-26 14487.472911484196 0.022369223898951414 1
18 "C II" 903.962 2 13.087295348632988 -45.671373975840595 7.583295859806447 346 358 1.1401919278863237e-26 24064.48234332309 0.02159892632172183 1
19 "C II" 903.962 2 13.163267042377468 -69.84552353593229 7.582970782868338 390 423 9.070407128547801e-27 17599.915774268993 0.01566062928803466 1
20 "C II" 903.962 2 13.13557010677998 -112.18988125718091 10.998781397223471 494 539 7.033994792640958e-27 21445.978686073333 0.01622875312884756 1
21 "C II" 903.962 2 15.641620968480273 -69.07387273386027 29.082992021470787 598 729 3.8475364911524534e-26 11374.24864208713 0.12888523008048647 1
22 "C II" 903.962 2 13.081465355346142 -147.70060539196626 5.240365559409777 740 756 6.001904344871085e-27 17199.928970232337 0.07184507778622454 1
23 "C II" 903.962 2 13.475223875767684 -204.09646646529595 22.710816068503444 823 855 8.41100435337316e-27 15581.361821971745 0.04011880567209119 1
24 "C II" 903.962 2 16.297945398118788 17.055746221896595 152.30641814909083 855 901 2.374264400153851e-25 9462.315745465836 0.11374788045259768 1
25 "C II" 903.962 2 19.151416842836067 289.7483046465847 36.85548949166204 907 983 2.8371419568019715e-23 309.49878645892113 0.7379849030343159 1
26 "C II" 903.962 2 14.051790083685294 126.28704775450095 12.893246639911492 1104 1134 6.318516299559023e-27 11197.99463431146 0.30947724160395723 1
27 "C II" 903.962 2 13.049903716406963 42.27661846046239 4.801265092982513 1243 1249 2.498356855148661e-27 57281.25219538673 0.44523674309009437 1
28 "C II" 903.962 2 13.598788795263065 195.53671220364032 10.06347158741828 1467 1475 1.219492885661818e-26 32617.70624284827 0.09926804105296098 1
29 "C II" 903.962 2 13.41476956346476 257.9217454201344 13.118182905482705 1553 1562 5.1349098233378604e-27 27294.200609207244 0.2856463249734544 1
30 "C II" 903.962 2 15.696222926113018 -241.99958697356865 10.272731416765867 273 311 9.162507345096699e-26 10169.883794764555 0.0825157994129209 2
31 "C II" 903.962 2 14.235451098042445 -267.75218404935083 7.622891742397161 320 339 1.864964902920654e-26 12551.894124478014 0.08898698973408138 2
32 "C II" 903.962 2 15.843178507461916 -284.967306451188 10.030192690945736 339 413 6.027768282127288e-26 10641.16416590528 0.11724908544656373 2
33 "C II" 903.962 2 13.26895297546632 -248.90200348957674 14.109809695874404 448 453 8.375965280940457e-27 35568.95845170993 0.07126236740752173 2
34 "C II" 903.962 2 13.985508735406192 -69.46907220750454 10.356285471879971 460 475 1.337890723570808e-26 23733.34472459584 0.10662174203999697 2
35 "C II" 903.962 2 13.049109184119597 -102.1626423956936 6.053959451162492 486 489 5.994538922130535e-27 45040.50785903736 0.14462093010104 2
36 "C II" 903.962 2 15.936968222253844 -105.24331901663705 8.644047196026273 542 554 1.1048510841445039e-25 9420.16748035256 0.21811176409740599 2
37 "C II" 903.962 2 13.194965032996153 -178.0450144587612  555 556 1.190928558011355e-26 19550.113180139215 0.18937758420332115 2
38 "C II" 903.962 2 13.24007358285208 -325.4942151840682 3.6257738611288324 618 626 4.938843940493646e-27 20780.832691575164 0.2700085006643213 2
39 "C II" 903.962 2 13.741395381443178 42.239330654284885 2.854003055965715 775 799 1.9291750307207978e-26 15826.638750749447 0.021349886490011266 2
40 "C II" 903.962 2 14.136966544891575 98.58703745173655 14.256173845507112 341 349 2.32055530386177e-26 16699.114996531425 0.127461630549372 3
41 "C II" 903.962 2 15.943412251449908 103.77723713495874 25.44881362181722 403 487 1.0668019827385603e-25 10385.500829542769 0.07031659807787008 3
42 "C II" 903.962 2 13.580586367695103 181.95527482797456 8.167796078814561 487 521 8.28324342913726e-27 15902.47093792146 0.06129198039855316 3
43 "C II" 903.962 2 14.526060653806308 151.12319990840916 17.02520512466144 521 537 2.817755134252989e-26 12121.436066373779 0.08866378764559497 3
44 "C II" 903.962 2 13.056474320741422 93.08769951748845 36.00955614336576 592 602 8.107215903379478e-27 18712.436169631066 0.05193171022268776 3
45 "C II" 903.962 2 13.694907317661896 262.2528265098228 3.5798964553230213 687 700 1.1487393829760026e-26 20896.83180406244 0.09275001765203868 3
