 name wave redshift col_dens delta_v vel_dispersion interval_start interval_end density temperature metallicity lightray_index
0 "C IV" 1548.187 2 14.171623446900817 -128.34517427380598 58.08796547221299 47 95 1.55638108640829e-25 10140.984317766395 0.1386460074367637 0
1 "C IV" 1548.187 2 13.359267275654805 -82.95137682504898  118 119 3.2992966096413396e-26 16765.383096186466 0.23381779762459276 0
2 "C IV" 1548.187 2 13.243326239136934 -72.22069855437414 5.356097668337225 121 123 2.653027039434265e-26 88839.55096464964 0.26543123414365055 0
3 "C IV" 1548.187 2 14.005023709721732 -69.26552017686318 4.190057313634266 124 127 2.7985420456567414e-26 72039.73542000669 0.24946928746772956 0
4 "C IV" 1548.187 2 14.417979049350796 -17.676917923724478 82.24733500069033 134 142 1.6780906510305567e-25 13485.813780526994 0.2808831569660533 0
5 "C IV" 1548.187 2 15.04907510410587 -57.70940595439694 50.31871597629228 211 422 2.635883580690148e-26 12021.880604749284 0.23867870645664077 0
6 "C IV" 1548.187 2 14.793590589836578 -175.1677533271751 23.029802810661998 422 598 4.207285069675725e-27 18135.510466329222 0.06641310189696889 0
7 "C IV" 1548.187 2 13.435989862547821 -76.56685874479652 10.391933188543794 616 652 3.0285903655947058e-27 40892.86033306355 0.02290918352602679 0
8 "C IV" 1548.187 2 13.768235200456092 -114.24010498244034 34.09556175274666 727 774 1.5319446101722175e-26 18457.198797533812 0.016698611225037636 0
9 "C IV" 1548.187 2 13.051611803637313 -163.8742298445379 6.9767964080165825 901 916 2.052722980826606e-27 83468.58088213914 0.049270805669111926 0
10 "C IV" 1548.187 2 15.103175955093432 -123.41546454677287 102.05988269932023 965 1235 3.6736551067093305e-26 14269.097002197552 0.11499934380918105 0
11 "C IV" 1548.187 2 14.288966263598398 140.9154528456513 43.99463640759325 1242 1277 2.2405990188105344e-26 26436.577799151008 0.09580622514998988 0
12 "C IV" 1548.187 2 14.235793124255313 187.42587284684203 19.26627415482804 1295 1338 7.24400430507967e-26 11240.69548733119 0.08551951610780219 0
13 "C IV" 1548.187 2 14.008583577622804 224.97765556220833 6.249754181297769 1351 1382 1.510868843412784e-26 23572.301215916756 0.04602819805906939 0
14 "C IV" 1548.187 2 13.972532530939398 233.31853229153785 14.749892759632791 1406 1442 2.562762504615799e-25 12540.046024881334 0.02503597380780421 0
15 "C IV" 1548.187 2 13.3488483830148 31.008269742337223 5.770334437499767 164 174 4.9394054863687346e-27 55333.40374571494 0.02763690585675142 1
16 "C IV" 1548.187 2 13.443220274674191 13.732535496573696 4.606908612563671 181 208 3.788594005550196e-27 27377.264240131262 0.02146775299179554 1
17 "C IV" 1548.187 2 13.817680380517308 -14.73510217009869 13.047174778137078 208 251 1.8102161857895275e-26 14534.717738088792 0.020865114202056934 1
18 "C IV" 1548.187 2 13.32016820937099 -45.81604706367211 7.942887349678169 345 358 1.1028217885659027e-26 27901.037254439354 0.021828305587912166 1
19 "C IV" 1548.187 2 13.696343149626342 -70.11554217174994 7.931909170921032 390 425 8.864327690470098e-27 18867.476230621454 0.01586351012003381 1
20 "C IV" 1548.187 2 15.242055131425246 -99.81896820777398 34.15694139652445 442 785 2.8267630461306384e-26 13579.859409221359 0.09779149241522528 1
21 "C IV" 1548.187 2 14.415270493240198 -215.23715650226214 21.387887881032213 795 873 9.543640139459357e-27 14503.569901953006 0.04317822007363444 1
22 "C IV" 1548.187 2 13.60988665852588 75.3835514282969 94.73443612613637 881 892 1.7765355365495088e-25 9239.032340053034 0.12135720273771304 1
23 "C IV" 1548.187 2 14.056691669898719 60.615260017194615 13.939770444254059 892 901 1.2636949968886526e-25 9628.213289653908 0.17680753780477762 1
24 "C IV" 1548.187 2 14.406067869321637 212.5825784118932 25.348655743203025 905 920 1.4831804625827559e-25 6578.171263130973 0.8916159050262025 1
25 "C IV" 1548.187 2 14.155805576970165 224.19020156967514 17.533348648292925 934 937 1.8374956563584403e-25 5940.237673517229 1.0095713054770827 1
26 "C IV" 1548.187 2 13.856972635705748 320.26510800603546 7.3416320361478995 973 986 2.7311442480391977e-25 8740.601499749237 0.2082329302551378 1
27 "C IV" 1548.187 2 13.664569270998705 218.1572460464769 30.743670361033654 988 999 4.378034098806152e-27 179410.0844805244 0.4508076477601325 1
28 "C IV" 1548.187 2 13.700258697201381 178.432587758184 14.61447101568051 1000 1011 2.516518553998428e-27 58918.96058189509 0.19745545196980366 1
29 "C IV" 1548.187 2 14.88340583447782 121.03675270032927 15.275020443010641 1102 1136 6.136277326761962e-27 14463.913153167838 0.30770373827126646 1
30 "C IV" 1548.187 2 13.970650057805429 71.61883843129448 11.979190702491858 1149 1162 1.937445971965293e-27 51427.703652265605 0.4247267809515107 1
31 "C IV" 1548.187 2 13.434430743840219 -44.25538292863242 9.986085560827656 1197 1206 1.4936786181634031e-27 105855.56396731496 0.34826340481074186 1
32 "C IV" 1548.187 2 13.850796774885495 43.226412778935135 6.639971477146311 1242 1252 2.1723249575266557e-27 76577.1959671034 0.4451760374076283 1
33 "C IV" 1548.187 2 13.773294164076283 193.55462734447855 12.820761351942485 1467 1475 1.219492885661818e-26 32617.70624284827 0.09926804105296098 1
34 "C IV" 1548.187 2 14.16795231095537 248.90057104437136 19.506129297555486 1550 1562 5.061133370734928e-27 45547.85177119897 0.2805559942273626 1
35 "C IV" 1548.187 2 14.34013826260773 -217.50410106360087 9.738887217200185 265 297 3.812197625688881e-26 11645.389087677873 0.0753260314921239 2
36 "C IV" 1548.187 2 15.000680453208785 -277.050177047256 14.875808120456362 301 414 6.030688739346463e-26 10703.932072163809 0.111112427849761 2
37 "C IV" 1548.187 2 13.703065869925402 -269.8848479904732 20.73386009827625 438 453 6.72425763726711e-27 39908.07388192188 0.07590309265745768 2
38 "C IV" 1548.187 2 14.148815434070395 -75.75920783157132 10.772638434911018 460 477 1.2997665349171344e-26 25394.34965869547 0.10729666269127454 2
39 "C IV" 1548.187 2 13.323174796758344 -105.8824212267686 7.511659976597841 486 491 5.127472510123643e-27 61730.51266820093 0.14965461805513353 2
40 "C IV" 1548.187 2 14.24308003139442 -136.84860458799338 30.528246948057006 542 558 1.0812942797184116e-25 10253.603358446595 0.2175069336195511 2
41 "C IV" 1548.187 2 14.250887926622616 -326.9669811608431 6.430006589893636 617 629 4.397100043853189e-27 27942.35591995092 0.270329597218161 2
42 "C IV" 1548.187 2 13.90091955692828 38.828654504616914 7.182137642863201 774 803 1.852017012643684e-26 17350.12189811613 0.023892802475224274 2
43 "C IV" 1548.187 2 13.790984538615648 217.3153105984009 6.9938028758676865 202 222 6.153201871955344e-28 67826.21207943239 0.45671339408314804 3
44 "C IV" 1548.187 2 14.05435018410126 187.987030090404 21.968917105853244 268 322 6.807511710451251e-28 12214.42232446856 0.18823488991809872 3
45 "C IV" 1548.187 2 14.126498216175067 127.14335651913525 31.85529904450071 339 366 2.0031629308125047e-26 20615.56763101878 0.13800886115923916 3
46 "C IV" 1548.187 2 14.974470746358588 124.4185173440728 52.37674689805726 378 605 9.292348395444705e-26 11353.909062124798 0.07090275635959563 3
47 "C IV" 1548.187 2 13.971693253633227 262.0257956694352 5.832018084074783 685 703 1.0998222989185352e-26 22888.95438679835 0.09208626821434551 3
48 "C IV" 1548.187 2 13.474637991975397 384.3721532766474 17.7066873843116 722 757 9.462270602608463e-27 26994.653752101334 0.01571917982324278 3
49 "C IV" 1548.187 2 13.161441562743839 193.27772052986452 16.977019331456006 794 849 5.59477918868274e-28 125989.81066379475 0.20340843245406837 3
