 name wave redshift col_dens delta_v vel_dispersion interval_start interval_end density temperature metallicity lightray_index
0 "C II" 903.962 2 16.10302557545039 -77.08842889485489 31.042001470823603 49 95 1.558730921013215e-25 10051.641539443286 0.13879205765512861 0
1 "C II" 903.962 2 13.859583139722659 -82.95137682504898  118 119 3.2992966096413396e-26 16765.383096186466 0.23381779762459276 0
2 "C II" 903.962 2 13.721670652822283 -70.55724976203268  122 123 3.5865350565931976e-26 16780.87717665171 0.2412587080589555 0
3 "C II" 903.962 2 13.921511934084794 -72.42940027411836 3.509502601775769 125 127 3.195433578742609e-26 47247.26432228391 0.24132710956232056 0
4 "C II" 903.962 2 15.851668977476063 -126.46779806833129 36.723106710932576 134 142 1.6780906510305567e-25 13485.813780526994 0.2808831569660533 0
5 "C II" 903.962 2 15.183200148462209 -82.06613558694494 21.09056622222493 317 348 3.1508413060688717e-26 12348.93797042904 0.2547865656870615 0
6 "C II" 903.962 2 13.480434002734349 -189.97408948199387 8.215257219586588 471 502 6.1743474517222606e-27 15484.286216961686 0.1348060238022387 0
7 "C II" 903.962 2 13.496115760178267 -129.84480294331368 5.951360237829503 738 771 1.6347214572226912e-26 16649.305110268844 0.01584617805994533 0
8 "C II" 903.962 2 14.389110709099079 -226.11648343767732 8.369809719172983 1055 1112 2.1085833864551877e-26 13284.915951139878 0.08855711381371523 0
9 "C II" 903.962 2 14.61212563698346 -152.1532952883925 21.52324485472249 1114 1119 7.9881294665308e-26 11177.194128232062 0.07375550300677572 0
10 "C II" 903.962 2 15.120109880790796 -50.8375453849533 46.97499200232245 1207 1235 4.7961137135323864e-26 12463.20381786535 0.1855345021901087 0
11 "C II" 903.962 2 14.333408042943239 152.19499312716883 34.60484134887996 1249 1274 2.4168957956331174e-26 16491.978981913384 0.09263681420380908 0
12 "C II" 903.962 2 13.221731514886782 173.76073252932377 4.819539403239156 1298 1302 1.3636207109523864e-26 29498.88503134262 0.09234823446967616 0
13 "C II" 903.962 2 15.304035480024837 197.65879046306912 9.462784193143536 1305 1334 7.474794663947232e-26 10074.635538811337 0.08485747687205318 0
14 "C II" 903.962 2 13.532380068760842 224.23991255917733 3.9221677124817576 1354 1379 1.5841924969274022e-26 15757.660317836906 0.04125322901391146 0
15 "C II" 903.962 2 15.611338791325549 249.13697577922764 11.23502803369366 1388 1423 4.216116256188627e-25 9509.587853953535 0.02375482426012376 0
16 "C II" 903.962 2 14.013280052604028 248.68855625336997 5.481319960782701 1423 1434 3.715764720459326e-26 13949.71500868239 0.046208955585288924 0
17 "C II" 903.962 2 13.754046635446304 -14.561730017455785 7.601632042908042 222 249 2.0001752702693756e-26 14487.472911484196 0.022369223898951414 1
18 "C II" 903.962 2 15.458201043670087 -69.07387273386027 29.082992021470787 598 729 3.8475364911524534e-26 11374.24864208713 0.12888523008048647 1
19 "C II" 903.962 2 13.291803950957497 -204.09646646529598 22.710816068503448 823 855 8.41100435337316e-27 15581.361821971745 0.04011880567209119 1
20 "C II" 903.962 2 16.1145254733086 17.055746221896584 152.30641814909083 855 901 2.374264400153851e-25 9462.315745465836 0.11374788045259768 1
21 "C II" 903.962 2 18.967996918025882 289.74830464658464 36.85548949166205 907 983 2.8371419568019715e-23 309.49878645892113 0.7379849030343159 1
22 "C II" 903.962 2 13.868370158875107 126.2870477545009 12.893246639911492 1104 1134 6.318516299559023e-27 11197.99463431146 0.30947724160395723 1
23 "C II" 903.962 2 13.415368870452879 195.53671220364026 10.06347158741828 1467 1475 1.219492885661818e-26 32617.70624284827 0.09926804105296098 1
24 "C II" 903.962 2 13.231349638654574 257.9217454201344 13.118182905482707 1553 1562 5.1349098233378604e-27 27294.200609207244 0.2856463249734544 1
25 "C II" 903.962 2 15.51280300130283 -241.9995869735687 10.272731416765867 273 311 9.162507345096699e-26 10169.883794764555 0.0825157994129209 2
26 "C II" 903.962 2 14.052031173232258 -267.75218404935083 7.622891742397161 320 339 1.864964902920654e-26 12551.894124478014 0.08898698973408138 2
27 "C II" 903.962 2 15.65975858265173 -284.96730645118805 10.030192690945736 339 413 6.027768282127288e-26 10641.16416590528 0.11724908544656373 2
28 "C II" 903.962 2 13.085533050656133 -248.90200348957674 14.109809695874407 448 453 8.375965280940457e-27 35568.95845170993 0.07126236740752173 2
29 "C II" 903.962 2 13.802088810596006 -69.46907220750455 10.356285471879971 460 475 1.337890723570808e-26 23733.34472459584 0.10662174203999697 2
30 "C II" 903.962 2 15.753548297443658 -105.24331901663709 8.644047196026275 542 554 1.1048510841445039e-25 9420.16748035256 0.21811176409740599 2
31 "C II" 903.962 2 13.011545108185967 -178.0450144587612  555 556 1.190928558011355e-26 19550.113180139215 0.18937758420332115 2
32 "C II" 903.962 2 13.056653658041894 -325.4942151840681 3.625773861128832 618 626 4.938843940493646e-27 20780.832691575164 0.2700085006643213 2
33 "C II" 903.962 2 13.557975456632992 42.23933065428489 2.854003055965715 775 799 1.9291750307207978e-26 15826.638750749447 0.021349886490011266 2
34 "C II" 903.962 2 13.953546620081388 98.58703745173653 14.256173845507108 341 349 2.32055530386177e-26 16699.114996531425 0.127461630549372 3
35 "C II" 903.962 2 15.759992326639722 103.77723713495871 25.448813621817212 403 487 1.0668019827385603e-25 10385.500829542769 0.07031659807787008 3
36 "C II" 903.962 2 13.397166442884917 181.95527482797456 8.167796078814563 487 521 8.28324342913726e-27 15902.47093792146 0.06129198039855316 3
37 "C II" 903.962 2 14.342640728996122 151.12319990840916 17.02520512466144 521 537 2.817755134252989e-26 12121.436066373779 0.08866378764559497 3
38 "C II" 903.962 2 13.51148739285171 262.2528265098229 3.5798964553230217 687 700 1.1487393829760026e-26 20896.83180406244 0.09275001765203868 3
