 name wave redshift col_dens delta_v vel_dispersion interval_start interval_end density temperature metallicity lightray_index
0 "O VI" 1031.912 2 13.458619320819151 -140.00524750320574 52.240948902757175 0 55 6.43038003579843e-27 385504.1480218251 0.05292960686535773 0
1 "O VI" 1031.912 2 14.37890012426953 -101.20851319441724 23.058924622206998 112 127 2.4597001261056572e-26 151376.44838634192 0.2680196354750973 0
2 "O VI" 1031.912 2 14.863971078126642 -37.640784015312214 48.53679763970372 191 321 5.192512277765741e-27 265112.4886298978 0.28816763677222745 0
3 "O VI" 1031.912 2 14.215437873218958 -109.15842530025839 56.7652067151996 347 673 3.576537042587992e-27 30613.509867191147 0.055900687925671405 0
4 "O VI" 1031.912 2 13.116026732628772 34.127224159483 18.904662388906146 674 680 3.499043173804282e-28 402257.8329761474 0.14950796453678428 0
5 "O VI" 1031.912 2 13.205535575156727 -146.6448932202334 6.664310203031678 833 844 1.8485421379131516e-27 72672.98004584468 0.032161194624548396 0
6 "O VI" 1031.912 2 14.232278491237285 -184.49265024314218 28.039942525142354 868 1100 5.937891684055334e-27 46813.4544860448 0.06346957609699849 0
7 "O VI" 1031.912 2 14.478436317890585 -25.231411341702586 81.0440522962683 1119 1221 7.854041501713268e-27 11502.617027394912 0.17085162045239272 0
8 "O VI" 1031.912 2 14.26150336530241 103.13605156788127 30.532940733242864 1232 1249 6.422384876285406e-27 169928.37142209362 0.15120444856863743 0
9 "O VI" 1031.912 2 13.537358270758117 163.84919844286225 30.7234186760475 1266 1307 1.9285025983251805e-26 25530.54419403575 0.11423900875923348 0
10 "O VI" 1031.912 2 13.254271827445397 196.60604479067237 23.212175514465095 1329 1368 1.3516282974745506e-26 21158.554739050644 0.05395551810355742 0
11 "O VI" 1031.912 2 13.210777255521808 183.65409244634168 35.53231744689928 1370 1384 9.594614303714777e-27 53946.74436274874 0.05871653558075067 0
12 "O VI" 1031.912 2 13.115337338083982 59.61916377526958 68.49047196982725 1469 1482 1.5971627462435832e-27 347229.6359943618 0.3320859406033674 0
13 "O VI" 1031.912 2 13.38091564604527 -4.687788571513811 25.307918582162316 1664 1712 2.354523886488378e-28 792223.5710837085 0.2279472006423013 0
14 "O VI" 1031.912 2 13.721057521014092 91.9856923878365 20.514093858534785 1767 1792 5.348522542408059e-28 76553.35121240794 0.024285066669629263 0
15 "O VI" 1031.912 2 13.629450210994543 30.66915940175067 18.456725218783298 117 217 3.7996053689672446e-27 99836.42680017564 0.03450084294429223 1
16 "O VI" 1031.912 2 12.968851424595693 -9.985684505223269 17.442139618528678 235 272 1.1542648571231089e-26 29578.155311760238 0.019067012510127598 1
17 "O VI" 1031.912 2 13.81984124801233 -71.73845837298846 17.526783101895404 535 615 1.0913106279045549e-26 14267.246934514356 0.04795511184752451 1
18 "O VI" 1031.912 2 13.427397683199898 -86.63496518828185 6.347933889434455 617 654 9.361953654867004e-27 13045.097165353483 0.12238850219165019 1
19 "O VI" 1031.912 2 14.07532729149442 -163.0307458399664 24.870447019865395 717 846 5.953952024321374e-27 15520.394191973726 0.06045881045367876 1
20 "O VI" 1031.912 2 13.736038942444479 196.03805289894026 86.36824356069212 898 911 6.040244436067138e-27 19478.766964396626 0.4167979878017865 1
21 "O VI" 1031.912 2 14.563332765965857 183.3956881908926 53.08657988352019 982 1024 4.036167008550216e-27 137657.56355825256 0.3204309276634702 1
22 "O VI" 1031.912 2 13.882147910738977 106.83083862665437 21.986399387571456 1101 1142 6.079217205786886e-27 17270.64676533738 0.30799725982867876 1
23 "O VI" 1031.912 2 13.818380837766568 66.5346708896579 30.68818686926828 1144 1165 1.825464846351661e-27 68283.94027720598 0.4281786510237585 1
24 "O VI" 1031.912 2 14.096202277172088 -59.508024329250375 32.49567528706933 1191 1225 9.18964318427478e-28 303840.35294572735 0.39324097203720343 1
25 "O VI" 1031.912 2 13.713130613439445 39.866466417070065 14.742410006364533 1239 1255 1.980469711057358e-27 119634.25162977092 0.44585860132161265 1
26 "O VI" 1031.912 2 13.765688587527746 124.65512768782152 16.61756378704703 1412 1435 2.0194779496017382e-27 606279.0670235095 0.19747995547479166 1
27 "O VI" 1031.912 2 13.528818181933874 150.2546395517375 49.95939441243282 1462 1491 1.0894980039810501e-26 83882.93687128271 0.11002118497075465 1
28 "O VI" 1031.912 2 14.280840842996298 168.36333133574882 60.27570592569009 1547 1565 4.966320866850681e-27 151391.01760537623 0.2806994219707543 1
29 "O VI" 1031.912 2 13.403242839933869 74.46631826028953 19.98333116473356 1620 1634 4.21336984734563e-28 281580.70923008653 0.27186891997907336 1
30 "O VI" 1031.912 2 13.127407112487498 180.32301356077997 5.190940941972555 1793 1843 4.135123642549086e-28 211891.35711732108 0.004562616360397243 1
31 "O VI" 1031.912 2 13.145032452479033 125.17954849966858 17.16633892809895 1843 1860 1.1062458741617164e-27 256056.1260310186 0.003012217445894333 1
32 "O VI" 1031.912 2 13.380244294479425 -237.5460936600892 23.804847479281285 263 284 2.110953903105455e-26 14058.548299351232 0.08348356316017254 2
33 "O VI" 1031.912 2 13.307968327477273 -269.8414046301447 10.567851292860626 308 361 1.4295750588762712e-26 12861.32778109612 0.1042112612541948 2
34 "O VI" 1031.912 2 13.62584285446995 -232.98105054509838 33.07967448468799 433 456 6.099695508373512e-27 89720.7086452875 0.08432109186347835 2
35 "O VI" 1031.912 2 13.503205975030468 -111.6647251615476 21.45325888037359 459 493 1.1620487411398651e-26 47843.86077003889 0.11505371307005857 2
36 "O VI" 1031.912 2 13.778643133690416 -241.80312105049373 47.83711661463862 553 583 1.685749727862634e-26 78655.2016264106 0.19768686040698596 2
37 "O VI" 1031.912 2 13.801819108394316 -348.93644960297263 20.45880180697715 616 639 3.964800495608176e-27 46544.93330686472 0.272607304730953 2
38 "O VI" 1031.912 2 14.554409886725848 -279.45081605884246 6.170829000849578 643 660 7.986239513731927e-28 460788.99100594595 0.966615309582662 2
39 "O VI" 1031.912 2 13.00920757750898 8.422794096552103 25.728336284318843 791 821 9.821123250338177e-27 60768.92725480806 0.0407383671662708 2
40 "O VI" 1031.912 2 14.09832701820136 39.492423904236965 8.438002131056228 0 16 3.571390219810943e-28 51555.3604407148 0.021527817127000116 3
41 "O VI" 1031.912 2 13.821080042434206 267.55572155340457 24.017792192574625 126 185 8.111416401483257e-29 244413.45631942482 0.5486384982963175 3
42 "O VI" 1031.912 2 14.550609882675658 222.82775802222687 14.227593428558508 199 229 5.584280285698308e-28 89843.54664039315 0.46166495736148766 3
43 "O VI" 1031.912 2 14.755343842695405 233.93567907775116 56.9052819644007 245 336 5.273808291451109e-28 73342.98132030768 0.2827319115439002 3
44 "O VI" 1031.912 2 14.15033759080169 126.00023952025559 28.477830005897694 348 407 6.81598775488036e-27 22111.723417732464 0.1515878389196211 3
45 "O VI" 1031.912 2 13.023656391618704 182.56805184042264 8.18430136142424 484 511 8.086724734057848e-27 15742.874455563046 0.07075816261671447 3
46 "O VI" 1031.912 2 13.70749618168912 -9.464980730034657 13.181350933467936 537 594 3.295035306180998e-27 29567.131918361803 0.06056553936766076 3
47 "O VI" 1031.912 2 14.086521168645788 257.20007701484906 16.498041593547295 613 677 8.094088978932205e-28 230872.92113984903 0.12873062921357986 3
48 "O VI" 1031.912 2 12.953083551717025 262.61913763897616 15.95709559517593 683 705 1.0886784212911061e-26 26048.37418602643 0.09173922229315405 3
49 "O VI" 1031.912 2 14.47228291402685 189.0418733953543 47.08986820736238 746 872 5.556504588700011e-28 178489.354627853 0.19857397377225292 3
50 "O VI" 1031.912 2 14.165659031191602 118.47137003690068 21.882731447818593 874 896 2.690066574023392e-28 327966.5469767564 0.42846195774656315 3
