 name wave redshift col_dens delta_v vel_dispersion interval_start interval_end density temperature metallicity lightray_index
0 "C IV" 1548.187 2 14.125521455891924 -128.34517427380595 58.087965472212986 47 95 1.55638108640829e-25 10140.984317766395 0.1386460074367637 0
1 "C IV" 1548.187 2 13.31316528464591 -82.95137682504898  118 119 3.2992966096413396e-26 16765.383096186466 0.23381779762459276 0
2 "C IV" 1548.187 2 13.19722424812804 -72.22069855437415 5.356097668337225 121 123 2.653027039434265e-26 88839.55096464964 0.26543123414365055 0
3 "C IV" 1548.187 2 13.958921718712839 -69.26552017686318 4.190057313634262 124 127 2.7985420456567414e-26 72039.73542000669 0.24946928746772956 0
4 "C IV" 1548.187 2 14.371877058341903 -17.67691792372448 82.24733500069034 134 142 1.6780906510305567e-25 13485.813780526994 0.2808831569660533 0
5 "C IV" 1548.187 2 15.002973113096976 -57.70940595439692 50.318715976292275 211 422 2.635883580690148e-26 12021.880604749284 0.23867870645664077 0
6 "C IV" 1548.187 2 14.747488598827685 -175.1677533271751 23.029802810661998 422 598 4.207285069675725e-27 18135.510466329222 0.06641310189696889 0
7 "C IV" 1548.187 2 13.389887871538926 -76.56685874479649 10.391933188543792 616 652 3.0285903655947058e-27 40892.86033306355 0.02290918352602679 0
8 "C IV" 1548.187 2 13.722133209447199 -114.24010498244031 34.095561752746654 727 774 1.5319446101722175e-26 18457.198797533812 0.016698611225037636 0
9 "C IV" 1548.187 2 13.005509812628418 -163.8742298445379 6.976796408016583 901 916 2.052722980826606e-27 83468.58088213914 0.049270805669111926 0
10 "C IV" 1548.187 2 15.057073964084537 -123.4154645467729 102.05988269932024 965 1235 3.6736551067093305e-26 14269.097002197552 0.11499934380918105 0
11 "C IV" 1548.187 2 14.242864272589506 140.9154528456513 43.99463640759325 1242 1277 2.2405990188105344e-26 26436.577799151008 0.09580622514998988 0
12 "C IV" 1548.187 2 14.189691133246418 187.42587284684203 19.26627415482804 1295 1338 7.24400430507967e-26 11240.69548733119 0.08551951610780219 0
13 "C IV" 1548.187 2 13.96248158661391 224.97765556220835 6.249754181297771 1351 1382 1.510868843412784e-26 23572.301215916756 0.04602819805906939 0
14 "C IV" 1548.187 2 13.926430539930506 233.31853229153774 14.749892759632793 1406 1442 2.562762504615799e-25 12540.046024881334 0.02503597380780421 0
15 "C IV" 1548.187 2 13.302746392005908 31.008269742337227 5.770334437499768 164 174 4.9394054863687346e-27 55333.40374571494 0.02763690585675142 1
16 "C IV" 1548.187 2 13.397118283665298 13.732535496573698 4.606908612563671 181 208 3.788594005550196e-27 27377.264240131262 0.02146775299179554 1
17 "C IV" 1548.187 2 13.771578389508415 -14.735102170098692 13.047174778137078 208 251 1.8102161857895275e-26 14534.717738088792 0.020865114202056934 1
18 "C IV" 1548.187 2 13.274066218362096 -45.81604706367213 7.942887349678171 345 358 1.1028217885659027e-26 27901.037254439354 0.021828305587912166 1
19 "C IV" 1548.187 2 13.650241158617447 -70.11554217174995 7.931909170921034 390 425 8.864327690470098e-27 18867.476230621454 0.01586351012003381 1
20 "C IV" 1548.187 2 15.195953140416352 -99.81896820777399 34.15694139652445 442 785 2.8267630461306384e-26 13579.859409221359 0.09779149241522528 1
21 "C IV" 1548.187 2 14.369168502231304 -215.23715650226208 21.38788788103221 795 873 9.543640139459357e-27 14503.569901953006 0.04317822007363444 1
22 "C IV" 1548.187 2 13.563784667516986 75.3835514282969 94.73443612613639 881 892 1.7765355365495088e-25 9239.032340053034 0.12135720273771304 1
23 "C IV" 1548.187 2 14.010589678889826 60.6152600171946 13.939770444254057 892 901 1.2636949968886526e-25 9628.213289653908 0.17680753780477762 1
24 "C IV" 1548.187 2 14.359965878312744 212.5825784118932 25.34865574320303 905 920 1.4831804625827559e-25 6578.171263130973 0.8916159050262025 1
25 "C IV" 1548.187 2 14.109703585961272 224.19020156967514 17.533348648292936 934 937 1.8374956563584403e-25 5940.237673517229 1.0095713054770827 1
26 "C IV" 1548.187 2 13.810870644696855 320.26510800603546 7.3416320361479 973 986 2.7311442480391977e-25 8740.601499749237 0.2082329302551378 1
27 "C IV" 1548.187 2 13.618467279989812 218.1572460464769 30.74367036103365 988 999 4.378034098806152e-27 179410.0844805244 0.4508076477601325 1
28 "C IV" 1548.187 2 13.654156706192486 178.43258775818404 14.61447101568051 1000 1011 2.516518553998428e-27 58918.96058189509 0.19745545196980366 1
29 "C IV" 1548.187 2 14.837303843468927 121.03675270032923 15.27502044301064 1102 1136 6.136277326761962e-27 14463.913153167838 0.30770373827126646 1
30 "C IV" 1548.187 2 13.924548066796534 71.6188384312945 11.97919070249186 1149 1162 1.937445971965293e-27 51427.703652265605 0.4247267809515107 1
31 "C IV" 1548.187 2 13.388328752831326 -44.25538292863243 9.986085560827657 1197 1206 1.4936786181634031e-27 105855.56396731496 0.34826340481074186 1
32 "C IV" 1548.187 2 13.804694783876602 43.226412778935135 6.639971477146312 1242 1252 2.1723249575266557e-27 76577.1959671034 0.4451760374076283 1
33 "C IV" 1548.187 2 13.72719217306739 193.55462734447852 12.820761351942485 1467 1475 1.219492885661818e-26 32617.70624284827 0.09926804105296098 1
34 "C IV" 1548.187 2 14.121850319946475 248.90057104437136 19.50612929755548 1550 1562 5.061133370734928e-27 45547.85177119897 0.2805559942273626 1
35 "C IV" 1548.187 2 14.294036271598836 -217.5041010636009 9.738887217200185 265 297 3.812197625688881e-26 11645.389087677873 0.0753260314921239 2
36 "C IV" 1548.187 2 14.95457846219989 -277.05017704725594 14.87580812045636 301 414 6.030688739346463e-26 10703.932072163809 0.111112427849761 2
37 "C IV" 1548.187 2 13.656963878916507 -269.88484799047325 20.733860098276246 438 453 6.72425763726711e-27 39908.07388192188 0.07590309265745768 2
38 "C IV" 1548.187 2 14.1027134430615 -75.75920783157132 10.772638434911018 460 477 1.2997665349171344e-26 25394.34965869547 0.10729666269127454 2
39 "C IV" 1548.187 2 13.27707280574945 -105.8824212267686 7.511659976597842 486 491 5.127472510123643e-27 61730.51266820093 0.14965461805513353 2
40 "C IV" 1548.187 2 14.196978040385526 -136.84860458799338 30.528246948057003 542 558 1.0812942797184116e-25 10253.603358446595 0.2175069336195511 2
41 "C IV" 1548.187 2 14.204785935613721 -326.9669811608431 6.430006589893636 617 629 4.397100043853189e-27 27942.35591995092 0.270329597218161 2
42 "C IV" 1548.187 2 13.854817565919385 38.828654504616914 7.1821376428632 774 803 1.852017012643684e-26 17350.12189811613 0.023892802475224274 2
43 "C IV" 1548.187 2 13.744882547606755 217.31531059840094 6.993802875867687 202 222 6.153201871955344e-28 67826.21207943239 0.45671339408314804 3
44 "C IV" 1548.187 2 14.008248193092367 187.98703009040395 21.968917105853237 268 322 6.807511710451251e-28 12214.42232446856 0.18823488991809872 3
45 "C IV" 1548.187 2 14.080396225166174 127.14335651913524 31.855299044500708 339 366 2.0031629308125047e-26 20615.56763101878 0.13800886115923916 3
46 "C IV" 1548.187 2 14.928368755349695 124.41851734407281 52.37674689805726 378 605 9.292348395444705e-26 11353.909062124798 0.07090275635959563 3
47 "C IV" 1548.187 2 13.925591262624334 262.02579566943524 5.832018084074784 685 703 1.0998222989185352e-26 22888.95438679835 0.09208626821434551 3
48 "C IV" 1548.187 2 13.428536000966504 384.3721532766474 17.706687384311596 722 757 9.462270602608463e-27 26994.653752101334 0.01571917982324278 3
49 "C IV" 1548.187 2 13.115339571734946 193.27772052986444 16.977019331456003 794 849 5.59477918868274e-28 125989.81066379475 0.20340843245406837 3
