 name wave redshift col_dens delta_v vel_dispersion interval_start interval_end density temperature metallicity lightray_index
0 "C IV" 1548.187 2 13.921217271512184 -128.34517427380595 58.08796547221299 47 95 1.55638108640829e-25 10140.984317766395 0.1386460074367637 0
1 "C IV" 1548.187 2 13.10886110026617 -82.95137682504898  118 119 3.2992966096413396e-26 16765.383096186466 0.23381779762459276 0
2 "C IV" 1548.187 2 13.754617534333098 -69.26552017686318 4.190057313634264 124 127 2.7985420456567414e-26 72039.73542000669 0.24946928746772956 0
3 "C IV" 1548.187 2 14.167572873962161 -17.67691792372448 82.24733500069043 134 142 1.6780906510305567e-25 13485.813780526994 0.2808831569660533 0
4 "C IV" 1548.187 2 14.793701133373009 -58.00009413718674 50.52782287971419 211 367 2.746031377387636e-26 12049.669672707603 0.24804025368776708 0
5 "C IV" 1548.187 2 14.461368678519012 -181.58789294887313 18.14081286459748 438 504 4.96945016391302e-27 17480.31037610544 0.12137271721093172 0
6 "C IV" 1548.187 2 13.768209679461714 -146.05482814526363 13.474804604465723 504 598 3.6570740603785134e-27 18588.89282797523 0.019254001148416595 0
7 "C IV" 1548.187 2 13.073644803711593 -73.54708396516078 6.522647084815386 616 638 3.7122976739798394e-27 37794.35303172246 0.022776834038084746 0
8 "C IV" 1548.187 2 13.517829025067456 -114.24010498244033 34.095561752746654 727 774 1.5319446101722175e-26 18457.198797533812 0.016698611225037636 0
9 "C IV" 1548.187 2 14.852524309091427 -123.36939990641241 102.07059901501374 967 1235 3.680110949754187e-26 14101.0103120725 0.1150986164079602 0
10 "C IV" 1548.187 2 14.037186239853922 140.95850493074104 44.05494876144272 1244 1277 2.281297752278283e-26 21556.89242128625 0.09496382789687774 0
11 "C IV" 1548.187 2 13.984656373048097 187.4152805721022 19.28239207499142 1295 1336 7.250599079628654e-26 11137.159757395753 0.08550372526217466 0
12 "C IV" 1548.187 2 13.721107863091694 226.25824098823978 4.037957038922818 1351 1379 1.5652531114077793e-26 16023.336440752246 0.041619537728766115 0
13 "C IV" 1548.187 2 13.72186615154781 233.30499857851152 14.743855710373646 1408 1442 4.573129617951669e-26 17351.324398337496 0.03390840544209793 0
14 "C IV" 1548.187 2 13.098442207626167 31.008269742337223 5.770334437499769 164 174 4.9394054863687346e-27 55333.40374571494 0.02763690585675142 1
15 "C IV" 1548.187 2 13.192814099285556 13.732535496573695 4.606908612563672 181 208 3.788594005550196e-27 27377.264240131262 0.02146775299179554 1
16 "C IV" 1548.187 2 13.567274205128673 -14.735102170098694 13.04717477813708 208 251 1.8102161857895275e-26 14534.717738088792 0.020865114202056934 1
17 "C IV" 1548.187 2 13.069762033982355 -45.81604706367212 7.94288734967817 345 358 1.1028217885659027e-26 27901.037254439354 0.021828305587912166 1
18 "C IV" 1548.187 2 13.445936974237707 -70.11554217174994 7.931909170921033 390 425 8.864327690470098e-27 18867.476230621454 0.01586351012003381 1
19 "C IV" 1548.187 2 14.991648956036611 -99.81896820777403 34.15694139652446 442 785 2.8267630461306384e-26 13579.859409221359 0.09779149241522528 1
20 "C IV" 1548.187 2 14.164864317851563 -215.23715650226214 21.387887881032217 795 873 9.543640139459357e-27 14503.569901953006 0.04317822007363444 1
21 "C IV" 1548.187 2 13.359480483137245 75.3835514282969 94.73443612613636 881 892 1.7765355365495088e-25 9239.032340053034 0.12135720273771304 1
22 "C IV" 1548.187 2 13.806285494510085 60.61526001719461 13.93977044425406 892 901 1.2636949968886526e-25 9628.213289653908 0.17680753780477762 1
23 "C IV" 1548.187 2 14.155661693933004 212.58257841189322 25.348655743203025 905 920 1.4831804625827559e-25 6578.171263130973 0.8916159050262025 1
24 "C IV" 1548.187 2 13.905399401581532 224.19020156967517 17.533348648292947 934 937 1.8374956563584403e-25 5940.237673517229 1.0095713054770827 1
25 "C IV" 1548.187 2 13.606566460317113 320.2651080060354 7.3416320361479 973 986 2.7311442480391977e-25 8740.601499749237 0.2082329302551378 1
26 "C IV" 1548.187 2 13.41416309561007 218.15724604647687 30.743670361033654 988 999 4.378034098806152e-27 179410.0844805244 0.4508076477601325 1
27 "C IV" 1548.187 2 13.449852521812746 178.43258775818396 14.61447101568051 1000 1011 2.516518553998428e-27 58918.96058189509 0.19745545196980366 1
28 "C IV" 1548.187 2 14.632999659089185 121.03675270032925 15.275020443010641 1102 1136 6.136277326761962e-27 14463.913153167838 0.30770373827126646 1
29 "C IV" 1548.187 2 13.720243882416794 71.61883843129449 11.97919070249186 1149 1162 1.937445971965293e-27 51427.703652265605 0.4247267809515107 1
30 "C IV" 1548.187 2 13.184024568451585 -44.25538292863242 9.986085560827656 1197 1206 1.4936786181634031e-27 105855.56396731496 0.34826340481074186 1
31 "C IV" 1548.187 2 13.60039059949686 43.22641277893514 6.639971477146313 1242 1252 2.1723249575266557e-27 76577.1959671034 0.4451760374076283 1
32 "C IV" 1548.187 2 13.522887988687648 193.55462734447855 12.820761351942485 1467 1475 1.219492885661818e-26 32617.70624284827 0.09926804105296098 1
33 "C IV" 1548.187 2 13.917546135566734 248.90057104437133 19.50612929755548 1550 1562 5.061133370734928e-27 45547.85177119897 0.2805559942273626 1
34 "C IV" 1548.187 2 14.084314377033682 -217.09561835216502 8.915376359395042 267 296 2.821852477201081e-26 11711.714533949087 0.07644310193355061 2
35 "C IV" 1548.187 2 14.740618304187569 -277.61345635340246 13.840813030781225 301 407 5.614131507285473e-26 10794.867702664458 0.11465964349727553 2
36 "C IV" 1548.187 2 13.432672278825338 -270.0822208936272 21.157295982736873 441 453 7.099990380435248e-27 35679.94313942648 0.07427128277542713 2
37 "C IV" 1548.187 2 13.889151590306462 -75.26168835000958 10.296817983536776 460 476 1.3178747866130427e-26 24658.454081295426 0.10698155507396963 2
38 "C IV" 1548.187 2 13.07276862136971 -105.88242122676859 7.51165997659784 486 491 5.127472510123643e-27 61730.51266820093 0.14965461805513353 2
39 "C IV" 1548.187 2 13.970581229664106 -133.99343511563902 28.28372284646379 542 556 1.0872663522280318e-25 9813.256994379815 0.21765235459536916 2
40 "C IV" 1548.187 2 13.994720388745472 -326.4822042919578 4.583143217218894 618 629 4.522913956786139e-27 26365.525863931383 0.26906778121489217 2
41 "C IV" 1548.187 2 13.119711914606382 43.04411359919856 3.138400439529662 775 787 1.518716847408463e-26 18702.52218183931 0.02074771773059863 2
42 "C IV" 1548.187 2 13.46457079508653 37.36746064359937 7.670115936067897 789 803 1.7364613438681218e-26 16360.96805832955 0.02950785257474109 2
43 "C IV" 1548.187 2 13.53087576729788 217.02577211909482 6.759667384090343 206 222 6.548841681122621e-28 68147.14914963042 0.4542008225386235 3
44 "C IV" 1548.187 2 13.77787732694808 190.878699615868 18.89822248874946 268 305 7.425908323545935e-28 12115.378211274943 0.2039813320323356 3
45 "C IV" 1548.187 2 13.875520939213876 127.14644933250077 31.879981610780778 339 365 2.0124931253847814e-26 20255.758388715145 0.1376675189508531 3
46 "C IV" 1548.187 2 14.722747314366169 124.46407293969811 52.45116692806484 391 605 9.296589588892291e-26 11355.329218845995 0.07085545193776001 3
47 "C IV" 1548.187 2 13.720045028388245 262.0150617584115 5.829065652209809 685 701 1.1091244736835534e-26 22610.74295565183 0.09235486644892085 3
