 name wave redshift col_dens delta_v vel_dispersion interval_start interval_end density temperature metallicity lightray_index
0 "C II" 903.962 2 16.375212621302634 -77.08842889485491 31.042001470823607 49 95 1.558730921013215e-25 10051.641539443286 0.13879205765512861 0
1 "C II" 903.962 2 14.131770185574906 -82.95137682504898  118 119 3.2992966096413396e-26 16765.383096186466 0.23381779762459276 0
2 "C II" 903.962 2 13.99385769867453 -70.55724976203268  122 123 3.5865350565931976e-26 16780.87717665171 0.2412587080589555 0
3 "C II" 903.962 2 14.193698979937041 -72.42940027411838 3.5095026017757682 125 127 3.195433578742609e-26 47247.26432228391 0.24132710956232056 0
4 "C II" 903.962 2 16.12385602332831 -126.4677980683313 36.723106710932576 134 142 1.6780906510305567e-25 13485.813780526994 0.2808831569660533 0
5 "C II" 903.962 2 15.455709335580886 -82.08550719624986 21.096152289149558 298 348 3.0578165353686637e-26 12255.584200067924 0.25749852428270803 0
6 "C II" 903.962 2 13.800763049556622 -188.25463142591065 9.674789482639758 454 502 5.447683046792817e-27 15570.915588190308 0.13013578450118649 0
7 "C II" 903.962 2 13.77683049250781 -129.80399340558654 6.6602610278338545 737 773 1.5902220079337722e-26 17073.69427024959 0.016083866842396204 0
8 "C II" 903.962 2 15.08822509004568 -179.86846454784072 42.61938327492747 1055 1119 4.3060638523258434e-26 12495.985319032043 0.08278700344213179 0
9 "C II" 903.962 2 15.392296926643043 -50.837545384953316 46.974992002322466 1207 1235 4.7961137135323864e-26 12463.20381786535 0.1855345021901087 0
10 "C II" 903.962 2 13.135938792130302 110.28006965294095  1246 1247 9.593578641627555e-27 54547.52222947344 0.11058502030754411 0
11 "C II" 903.962 2 14.606544450949688 151.9805290345702 34.89376284237455 1248 1274 2.3812591149146862e-26 17727.53708636149 0.09338552422435 0
12 "C II" 903.962 2 13.49391856073903 173.76073252932377 4.819539403239156 1298 1302 1.3636207109523864e-26 29498.88503134262 0.09234823446967616 0
13 "C II" 903.962 2 15.576237233858166 197.65874009704115 9.462599478843332 1305 1336 7.46225484580696e-26 10111.901887231887 0.0848528890597585 0
14 "C II" 903.962 2 13.80456711461309 224.23991255917736 3.922167712481757 1354 1379 1.5841924969274022e-26 15757.660317836906 0.04125322901391146 0
15 "C II" 903.962 2 15.894347733981787 249.12593997774422 11.08264250851715 1388 1434 4.0366286532311245e-25 9716.881268659743 0.024803126120510305 0
16 "C II" 903.962 2 13.302850418590987 224.25950264520063 8.070873230419272 1435 1442 1.0741143181418642e-26 35135.075256095806 0.048669582454475065 0
17 "C II" 903.962 2 14.026233681298551 -14.561730017455787 7.601632042908042 222 249 2.0001752702693756e-26 14487.472911484196 0.022369223898951414 1
18 "C II" 903.962 2 13.176062469675049 -45.671373975840595 7.583295859806447 346 358 1.1401919278863237e-26 24064.48234332309 0.02159892632172183 1
19 "C II" 903.962 2 13.252034163419529 -69.8455235359323 7.582970782868339 390 423 9.070407128547801e-27 17599.915774268993 0.01566062928803466 1
20 "C II" 903.962 2 13.049055425493307 -79.0913181288542 2.6298176056483897 442 472 7.276912200701279e-27 20028.48421252475 0.016411464531261476 1
21 "C II" 903.962 2 13.22433722782204 -112.1898812571809 10.998781397223471 494 539 7.033994792640958e-27 21445.978686073333 0.01622875312884756 1
22 "C II" 903.962 2 15.730388089522334 -69.07387273386027 29.082992021470787 598 729 3.8475364911524534e-26 11374.24864208713 0.12888523008048647 1
23 "C II" 903.962 2 13.170232476388202 -147.70060539196626 5.240365559409777 740 756 6.001904344871085e-27 17199.928970232337 0.07184507778622454 1
24 "C II" 903.962 2 13.563990996809745 -204.0964664652959 22.71081606850344 823 855 8.41100435337316e-27 15581.361821971745 0.04011880567209119 1
25 "C II" 903.962 2 16.38671251916085 17.055746221896584 152.30641814909086 855 901 2.374264400153851e-25 9462.315745465836 0.11374788045259768 1
26 "C II" 903.962 2 19.240183963878128 289.74830464658464 36.85548949166205 907 983 2.8371419568019715e-23 309.49878645892113 0.7379849030343159 1
27 "C II" 903.962 2 14.140557204727354 126.28704775450096 12.893246639911492 1104 1134 6.318516299559023e-27 11197.99463431146 0.30947724160395723 1
28 "C II" 903.962 2 13.023331633396971 74.36637059249932 6.832994525746229 1150 1159 2.161737739389829e-27 44155.483689322755 0.4246659493647787 1
29 "C II" 903.962 2 13.138670837449023 42.276618460462394 4.801265092982514 1243 1249 2.498356855148661e-27 57281.25219538673 0.44523674309009437 1
30 "C II" 903.962 2 13.687555916305126 195.5367122036403 10.063471587418277 1467 1475 1.219492885661818e-26 32617.70624284827 0.09926804105296098 1
31 "C II" 903.962 2 13.503536684506821 257.9217454201344 13.118182905482707 1553 1562 5.1349098233378604e-27 27294.200609207244 0.2856463249734544 1
32 "C II" 903.962 2 15.784990047155077 -241.9995869735687 10.272731416765867 273 311 9.162507345096699e-26 10169.883794764555 0.0825157994129209 2
33 "C II" 903.962 2 14.324218219084505 -267.75218404935083 7.622891742397161 320 339 1.864964902920654e-26 12551.894124478014 0.08898698973408138 2
34 "C II" 903.962 2 15.931945628503977 -284.967306451188 10.030192690945736 339 413 6.027768282127288e-26 10641.16416590528 0.11724908544656373 2
35 "C II" 903.962 2 13.357720096508379 -248.90200348957677 14.109809695874405 448 453 8.375965280940457e-27 35568.95845170993 0.07126236740752173 2
36 "C II" 903.962 2 14.074275856448253 -69.46907220750455 10.35628547187997 460 475 1.337890723570808e-26 23733.34472459584 0.10662174203999697 2
37 "C II" 903.962 2 13.137876305161658 -102.1626423956936 6.053959451162492 486 489 5.994538922130535e-27 45040.50785903736 0.14462093010104 2
38 "C II" 903.962 2 16.025735343295906 -105.24331901663709 8.644047196026277 542 554 1.1048510841445039e-25 9420.16748035256 0.21811176409740599 2
39 "C II" 903.962 2 13.283732154038214 -178.0450144587612  555 556 1.190928558011355e-26 19550.113180139215 0.18937758420332115 2
40 "C II" 903.962 2 13.32884070389414 -325.49421518406814 3.625773861128832 618 626 4.938843940493646e-27 20780.832691575164 0.2700085006643213 2
41 "C II" 903.962 2 13.830162502485239 42.239330654284885 2.8540030559657144 775 799 1.9291750307207978e-26 15826.638750749447 0.021349886490011266 2
42 "C II" 903.962 2 14.225733665933635 98.58703745173656 14.256173845507112 341 349 2.32055530386177e-26 16699.114996531425 0.127461630549372 3
43 "C II" 903.962 2 16.03217937249197 103.77723713495872 25.44881362181722 403 487 1.0668019827385603e-25 10385.500829542769 0.07031659807787008 3
44 "C II" 903.962 2 13.669353488737164 181.95527482797456 8.167796078814563 487 521 8.28324342913726e-27 15902.47093792146 0.06129198039855316 3
45 "C II" 903.962 2 14.614827774848369 151.1231999084091 17.025205124661436 521 537 2.817755134252989e-26 12121.436066373779 0.08866378764559497 3
46 "C II" 903.962 2 13.145241441783483 93.08769951748842 36.009556143365764 592 602 8.107215903379478e-27 18712.436169631066 0.05193171022268776 3
47 "C II" 903.962 2 13.783674438703956 262.25282650982285 3.5798964553230217 687 700 1.1487393829760026e-26 20896.83180406244 0.09275001765203868 3
