 name wave redshift col_dens delta_v vel_dispersion interval_start interval_end density temperature metallicity lightray_index
0 "O VI" 1031.912 2 13.43863711279277 -140.0052475032057 52.24094890275716 0 55 6.43038003579843e-27 385504.1480218251 0.05292960686535773 0
1 "O VI" 1031.912 2 14.358917916243149 -101.20851319441728 23.058924622206998 112 127 2.4597001261056572e-26 151376.44838634192 0.2680196354750973 0
2 "O VI" 1031.912 2 14.843988870100262 -37.640784015312214 48.536797639703714 191 321 5.192512277765741e-27 265112.4886298978 0.28816763677222745 0
3 "O VI" 1031.912 2 14.19545566519258 -109.15842530025839 56.765206715199604 347 673 3.576537042587992e-27 30613.509867191147 0.055900687925671405 0
4 "O VI" 1031.912 2 13.09604452460239 34.127224159483006 18.90466238890615 674 680 3.499043173804282e-28 402257.8329761474 0.14950796453678428 0
5 "O VI" 1031.912 2 13.185553367130348 -146.64489322023334 6.664310203031678 833 844 1.8485421379131516e-27 72672.98004584468 0.032161194624548396 0
6 "O VI" 1031.912 2 14.212296283210906 -184.49265024314224 28.039942525142358 868 1100 5.937891684055334e-27 46813.4544860448 0.06346957609699849 0
7 "O VI" 1031.912 2 14.458454109864206 -25.231411341702586 81.04405229626829 1119 1221 7.854041501713268e-27 11502.617027394912 0.17085162045239272 0
8 "O VI" 1031.912 2 14.241521157276031 103.13605156788125 30.532940733242857 1232 1249 6.422384876285406e-27 169928.37142209362 0.15120444856863743 0
9 "O VI" 1031.912 2 13.517376062731737 163.8491984428623 30.723418676047505 1266 1307 1.9285025983251805e-26 25530.54419403575 0.11423900875923348 0
10 "O VI" 1031.912 2 13.234289619419016 196.6060447906724 23.212175514465095 1329 1368 1.3516282974745506e-26 21158.554739050644 0.05395551810355742 0
11 "O VI" 1031.912 2 13.19079504749543 183.65409244634162 35.53231744689928 1370 1384 9.594614303714777e-27 53946.74436274874 0.05871653558075067 0
12 "O VI" 1031.912 2 13.095355130057603 59.6191637752696 68.49047196982727 1469 1482 1.5971627462435832e-27 347229.6359943618 0.3320859406033674 0
13 "O VI" 1031.912 2 13.36093343801889 -4.687788571513811 25.307918582162316 1664 1712 2.354523886488378e-28 792223.5710837085 0.2279472006423013 0
14 "O VI" 1031.912 2 13.701075312987712 91.98569238783651 20.51409385853479 1767 1792 5.348522542408059e-28 76553.35121240794 0.024285066669629263 0
15 "O VI" 1031.912 2 13.609468002968162 30.669159401750687 18.4567252187833 117 217 3.7996053689672446e-27 99836.42680017564 0.03450084294429223 1
16 "O VI" 1031.912 2 12.948869216569312 -9.985684505223272 17.44213961852868 235 272 1.1542648571231089e-26 29578.155311760238 0.019067012510127598 1
17 "O VI" 1031.912 2 13.799859039985948 -71.73845837298848 17.526783101895408 535 615 1.0913106279045549e-26 14267.246934514356 0.04795511184752451 1
18 "O VI" 1031.912 2 13.407415475173519 -86.63496518828188 6.347933889434456 617 654 9.361953654867004e-27 13045.097165353483 0.12238850219165019 1
19 "O VI" 1031.912 2 14.05534508346804 -163.03074583996644 24.870447019865388 717 846 5.953952024321374e-27 15520.394191973726 0.06045881045367876 1
20 "O VI" 1031.912 2 13.716056734418098 196.03805289894024 86.36824356069212 898 911 6.040244436067138e-27 19478.766964396626 0.4167979878017865 1
21 "O VI" 1031.912 2 14.543350557939476 183.39568819089257 53.08657988352019 982 1024 4.036167008550216e-27 137657.56355825256 0.3204309276634702 1
22 "O VI" 1031.912 2 13.862165702712598 106.83083862665438 21.986399387571453 1101 1142 6.079217205786886e-27 17270.64676533738 0.30799725982867876 1
23 "O VI" 1031.912 2 13.798398629740188 66.53467088965789 30.688186869268286 1144 1165 1.825464846351661e-27 68283.94027720598 0.4281786510237585 1
24 "O VI" 1031.912 2 14.076220069145709 -59.50802432925038 32.495675287069325 1191 1225 9.18964318427478e-28 303840.35294572735 0.39324097203720343 1
25 "O VI" 1031.912 2 13.693148405413064 39.86646641707006 14.74241000636453 1239 1255 1.980469711057358e-27 119634.25162977092 0.44585860132161265 1
26 "O VI" 1031.912 2 13.745706379501366 124.65512768782149 16.617563787047025 1412 1435 2.0194779496017382e-27 606279.0670235095 0.19747995547479166 1
27 "O VI" 1031.912 2 13.508835973907493 150.25463955173754 49.959394412432836 1462 1491 1.0894980039810501e-26 83882.93687128271 0.11002118497075465 1
28 "O VI" 1031.912 2 14.260858634969917 168.36333133574882 60.2757059256901 1547 1565 4.966320866850681e-27 151391.01760537623 0.2806994219707543 1
29 "O VI" 1031.912 2 13.38326063190749 74.46631826028955 19.983331164733563 1620 1634 4.21336984734563e-28 281580.70923008653 0.27186891997907336 1
30 "O VI" 1031.912 2 13.107424904461118 180.32301356077997 5.190940941972555 1793 1843 4.135123642549086e-28 211891.35711732108 0.004562616360397243 1
31 "O VI" 1031.912 2 13.125050244452652 125.17954849966854 17.166338928098945 1843 1860 1.1062458741617164e-27 256056.1260310186 0.003012217445894333 1
32 "O VI" 1031.912 2 13.360262086453044 -237.54609366008924 23.804847479281282 263 284 2.110953903105455e-26 14058.548299351232 0.08348356316017254 2
33 "O VI" 1031.912 2 13.287986119450892 -269.84140463014467 10.56785129286062 308 361 1.4295750588762712e-26 12861.32778109612 0.1042112612541948 2
34 "O VI" 1031.912 2 13.605860646443569 -232.9810505450983 33.07967448468798 433 456 6.099695508373512e-27 89720.7086452875 0.08432109186347835 2
35 "O VI" 1031.912 2 13.483223767004088 -111.66472516154762 21.45325888037359 459 493 1.1620487411398651e-26 47843.86077003889 0.11505371307005857 2
36 "O VI" 1031.912 2 13.758660925664035 -241.80312105049362 47.8371166146386 553 583 1.685749727862634e-26 78655.2016264106 0.19768686040698596 2
37 "O VI" 1031.912 2 13.781836900367935 -348.9364496029725 20.458801806977146 616 639 3.964800495608176e-27 46544.93330686472 0.272607304730953 2
38 "O VI" 1031.912 2 14.534427678699469 -279.45081605884246 6.1708290008495785 643 660 7.986239513731927e-28 460788.99100594595 0.966615309582662 2
39 "O VI" 1031.912 2 12.989225369482599 8.42279409655211 25.72833628431885 791 821 9.821123250338177e-27 60768.92725480806 0.0407383671662708 2
40 "O VI" 1031.912 2 14.07834481017498 39.49242390423696 8.438002131056228 0 16 3.571390219810943e-28 51555.3604407148 0.021527817127000116 3
41 "O VI" 1031.912 2 13.801097834407825 267.5557215534045 24.01779219257463 126 185 8.111416401483257e-29 244413.45631942482 0.5486384982963175 3
42 "O VI" 1031.912 2 14.530627674649278 222.82775802222687 14.22759342855851 199 229 5.584280285698308e-28 89843.54664039315 0.46166495736148766 3
43 "O VI" 1031.912 2 14.735361634669026 233.9356790777512 56.90528196440071 245 336 5.273808291451109e-28 73342.98132030768 0.2827319115439002 3
44 "O VI" 1031.912 2 14.13035538277531 126.00023952025558 28.477830005897694 348 407 6.81598775488036e-27 22111.723417732464 0.1515878389196211 3
45 "O VI" 1031.912 2 13.003674183592324 182.56805184042264 8.184301361424238 484 511 8.086724734057848e-27 15742.874455563046 0.07075816261671447 3
46 "O VI" 1031.912 2 13.687513973662739 -9.464980730034657 13.181350933467936 537 594 3.295035306180998e-27 29567.131918361803 0.06056553936766076 3
47 "O VI" 1031.912 2 14.06653896061941 257.20007701484906 16.498041593547295 613 677 8.094088978932205e-28 230872.92113984903 0.12873062921357986 3
48 "O VI" 1031.912 2 12.933101343690645 262.6191376389761 15.95709559517593 683 705 1.0886784212911061e-26 26048.37418602643 0.09173922229315405 3
49 "O VI" 1031.912 2 14.45230070600047 189.04187339535437 47.0898682073624 746 872 5.556504588700011e-28 178489.354627853 0.19857397377225292 3
50 "O VI" 1031.912 2 14.145676823165223 118.4713700369007 21.8827314478186 874 896 2.690066574023392e-28 327966.5469767564 0.42846195774656315 3
