 name wave redshift col_dens delta_v vel_dispersion interval_start interval_end density temperature metallicity lightray_index
0 "C IV" 1548.187 2 14.164628403687978 -128.34517427380598 58.08796547221299 47 95 1.55638108640829e-25 10140.984317766395 0.1386460074367637 0
1 "C IV" 1548.187 2 13.352272232441964 -82.95137682504898  118 119 3.2992966096413396e-26 16765.383096186466 0.23381779762459276 0
2 "C IV" 1548.187 2 13.236331195924093 -72.22069855437415 5.356097668337226 121 123 2.653027039434265e-26 88839.55096464964 0.26543123414365055 0
3 "C IV" 1548.187 2 13.998028666508892 -69.26552017686318 4.190057313634263 124 127 2.7985420456567414e-26 72039.73542000669 0.24946928746772956 0
4 "C IV" 1548.187 2 14.410984006137955 -17.676917923724478 82.2473350006904 134 142 1.6780906510305567e-25 13485.813780526994 0.2808831569660533 0
5 "C IV" 1548.187 2 15.04208006089303 -57.70940595439693 50.318715976292275 211 422 2.635883580690148e-26 12021.880604749284 0.23867870645664077 0
6 "C IV" 1548.187 2 14.786595546623738 -175.16775332717506 23.029802810661998 422 598 4.207285069675725e-27 18135.510466329222 0.06641310189696889 0
7 "C IV" 1548.187 2 13.42899481933498 -76.5668587447965 10.391933188543794 616 652 3.0285903655947058e-27 40892.86033306355 0.02290918352602679 0
8 "C IV" 1548.187 2 13.76124015724325 -114.24010498244039 34.095561752746654 727 774 1.5319446101722175e-26 18457.198797533812 0.016698611225037636 0
9 "C IV" 1548.187 2 13.044616760424471 -163.87422984453792 6.976796408016584 901 916 2.052722980826606e-27 83468.58088213914 0.049270805669111926 0
10 "C IV" 1548.187 2 15.096180911880591 -123.4154645467729 102.05988269932024 965 1235 3.6736551067093305e-26 14269.097002197552 0.11499934380918105 0
11 "C IV" 1548.187 2 14.281971220385557 140.91545284565126 43.99463640759325 1242 1277 2.2405990188105344e-26 26436.577799151008 0.09580622514998988 0
12 "C IV" 1548.187 2 14.228798081042472 187.42587284684203 19.26627415482804 1295 1338 7.24400430507967e-26 11240.69548733119 0.08551951610780219 0
13 "C IV" 1548.187 2 14.001588534409963 224.97765556220827 6.24975418129777 1351 1382 1.510868843412784e-26 23572.301215916756 0.04602819805906939 0
14 "C IV" 1548.187 2 13.965537487726557 233.31853229153776 14.749892759632791 1406 1442 2.562762504615799e-25 12540.046024881334 0.02503597380780421 0
15 "C IV" 1548.187 2 13.341853339801961 31.008269742337223 5.770334437499769 164 174 4.9394054863687346e-27 55333.40374571494 0.02763690585675142 1
16 "C IV" 1548.187 2 13.43622523146135 13.732535496573696 4.606908612563671 181 208 3.788594005550196e-27 27377.264240131262 0.02146775299179554 1
17 "C IV" 1548.187 2 13.810685337304466 -14.73510217009869 13.04717477813708 208 251 1.8102161857895275e-26 14534.717738088792 0.020865114202056934 1
18 "C IV" 1548.187 2 13.31317316615815 -45.816047063672116 7.942887349678169 345 358 1.1028217885659027e-26 27901.037254439354 0.021828305587912166 1
19 "C IV" 1548.187 2 13.689348106413501 -70.11554217174994 7.931909170921033 390 425 8.864327690470098e-27 18867.476230621454 0.01586351012003381 1
20 "C IV" 1548.187 2 15.235060088212405 -99.818968207774 34.156941396524466 442 785 2.8267630461306384e-26 13579.859409221359 0.09779149241522528 1
21 "C IV" 1548.187 2 14.408275450027357 -215.23715650226214 21.38788788103221 795 873 9.543640139459357e-27 14503.569901953006 0.04317822007363444 1
22 "C IV" 1548.187 2 13.60289161531304 75.38355142829691 94.73443612613637 881 892 1.7765355365495088e-25 9239.032340053034 0.12135720273771304 1
23 "C IV" 1548.187 2 14.04969662668588 60.61526001719461 13.939770444254059 892 901 1.2636949968886526e-25 9628.213289653908 0.17680753780477762 1
24 "C IV" 1548.187 2 14.399072826108798 212.5825784118932 25.34865574320303 905 920 1.4831804625827559e-25 6578.171263130973 0.8916159050262025 1
25 "C IV" 1548.187 2 14.148810533757326 224.19020156967514 17.53334864829292 934 937 1.8374956563584403e-25 5940.237673517229 1.0095713054770827 1
26 "C IV" 1548.187 2 13.849977592492907 320.2651080060354 7.341632036147899 973 986 2.7311442480391977e-25 8740.601499749237 0.2082329302551378 1
27 "C IV" 1548.187 2 13.657574227785863 218.15724604647693 30.743670361033654 988 999 4.378034098806152e-27 179410.0844805244 0.4508076477601325 1
28 "C IV" 1548.187 2 13.69326365398854 178.43258775818398 14.61447101568051 1000 1011 2.516518553998428e-27 58918.96058189509 0.19745545196980366 1
29 "C IV" 1548.187 2 14.876410791264979 121.03675270032926 15.275020443010641 1102 1136 6.136277326761962e-27 14463.913153167838 0.30770373827126646 1
30 "C IV" 1548.187 2 13.963655014592588 71.61883843129448 11.979190702491856 1149 1162 1.937445971965293e-27 51427.703652265605 0.4247267809515107 1
31 "C IV" 1548.187 2 13.42743570062738 -44.255382928632436 9.986085560827656 1197 1206 1.4936786181634031e-27 105855.56396731496 0.34826340481074186 1
32 "C IV" 1548.187 2 13.843801731672654 43.22641277893514 6.639971477146311 1242 1252 2.1723249575266557e-27 76577.1959671034 0.4451760374076283 1
33 "C IV" 1548.187 2 13.766299120863442 193.55462734447858 12.820761351942483 1467 1475 1.219492885661818e-26 32617.70624284827 0.09926804105296098 1
34 "C IV" 1548.187 2 14.160957267742528 248.9005710443714 19.50612929755548 1550 1562 5.061133370734928e-27 45547.85177119897 0.2805559942273626 1
35 "C IV" 1548.187 2 14.33314321939489 -217.50410106360084 9.738887217200185 265 297 3.812197625688881e-26 11645.389087677873 0.0753260314921239 2
36 "C IV" 1548.187 2 14.993685409995944 -277.05017704725594 14.875808120456362 301 414 6.030688739346463e-26 10703.932072163809 0.111112427849761 2
37 "C IV" 1548.187 2 13.69607082671256 -269.88484799047325 20.733860098276246 438 453 6.72425763726711e-27 39908.07388192188 0.07590309265745768 2
38 "C IV" 1548.187 2 14.141820390857553 -75.75920783157132 10.772638434911018 460 477 1.2997665349171344e-26 25394.34965869547 0.10729666269127454 2
39 "C IV" 1548.187 2 13.316179753545503 -105.8824212267686 7.51165997659784 486 491 5.127472510123643e-27 61730.51266820093 0.14965461805513353 2
40 "C IV" 1548.187 2 14.23608498818158 -136.84860458799338 30.528246948057003 542 558 1.0812942797184116e-25 10253.603358446595 0.2175069336195511 2
41 "C IV" 1548.187 2 14.243892883409774 -326.96698116084303 6.430006589893636 617 629 4.397100043853189e-27 27942.35591995092 0.270329597218161 2
42 "C IV" 1548.187 2 13.893924513715438 38.828654504616914 7.182137642863202 774 803 1.852017012643684e-26 17350.12189811613 0.023892802475224274 2
43 "C IV" 1548.187 2 13.783989495402809 217.3153105984009 6.9938028758676865 202 222 6.153201871955344e-28 67826.21207943239 0.45671339408314804 3
44 "C IV" 1548.187 2 14.047355140888419 187.987030090404 21.96891710585324 268 322 6.807511710451251e-28 12214.42232446856 0.18823488991809872 3
45 "C IV" 1548.187 2 14.119503172962228 127.14335651913522 31.855299044500704 339 366 2.0031629308125047e-26 20615.56763101878 0.13800886115923916 3
46 "C IV" 1548.187 2 14.967475703145748 124.4185173440728 52.37674689805726 378 605 9.292348395444705e-26 11353.909062124798 0.07090275635959563 3
47 "C IV" 1548.187 2 13.964698210420387 262.0257956694351 5.832018084074782 685 703 1.0998222989185352e-26 22888.95438679835 0.09208626821434551 3
48 "C IV" 1548.187 2 13.467642948762556 384.3721532766473 17.7066873843116 722 757 9.462270602608463e-27 26994.653752101334 0.01571917982324278 3
49 "C IV" 1548.187 2 13.154446519530998 193.27772052986444 16.977019331456003 794 849 5.59477918868274e-28 125989.81066379475 0.20340843245406837 3
